1 0 3674
2 3674 2002
3 5676 3217
4 8893 2860
5 11753 7553
6 19306 417
7 19723 519
8 20242 11213
9 31455 4483
10 35938 3685
11 39623 9003
12 48626 3408
13 52034 2053
14 54087 2003
15 56090 7122
16 63212 6444
17 69656 3689
18 73345 2245
19 75590 14914
20 90504 6407
21 96911 1328
22 98239 1978
23 100217 2939
24 103156 2587
25 105743 2137
26 107880 1592
27 109472 747
28 110219 1392
29 111611 739
30 112350 389
31 112739 3986
32 116725 3923
33 120648 3057
34 123705 4161
35 127866 7580
36 135446 5425
37 140871 1364
39 142235 1174
40 143409 933
41 144342 1862
42 146204 2421
43 148625 5486
44 154111 2510
45 156621 8080
46 164701 2466
47 167167 919
48 168086 849
49 168935 1641
50 170576 2241
51 172817 7276
52 180093 1640
53 181733 4761
54 186494 2455
55 188949 3635
56 192584 2687
57 195271 6944
58 202215 2306
59 204521 3018
60 207539 4595
61 212134 2526
62 214660 2885
63 217545 1910
64 219455 1278
65 220733 4733
66 225466 1638
67 227104 1012
68 228116 1604
69 229720 1804
70 231524 4606
71 236130 1677
72 237807 2694
73 240501 9326
74 249827 1882
75 251709 2632
76 254341 9068
77 263409 3549
78 266958 6145
79 273103 3372
80 276475 2958
81 279433 7865
82 287298 1738
83 289036 2205
84 291241 1651
85 292892 967
86 293859 2391
87 296250 1682
88 297932 1783
89 299715 15029
90 314744 7369
91 322113 3142
92 325255 1681
93 326936 1415
94 328351 7677
95 336028 1995
96 338023 2118
97 340141 1788
98 341929 1688
99 343617 2081
100 345698 1163
101 346861 2812
102 349673 2700
103 352373 1248
104 353621 1103
105 354724 859
106 355583 979
107 356562 994
108 357556 2357
109 359913 1740
110 361653 1149
111 362802 901
112 363703 1132
113 364835 1355
114 366190 997
115 367187 1947
116 369134 2620
117 371754 1272
118 373026 2739
119 375765 2815
120 378580 2995
121 381575 1059
122 382634 3615
123 386249 2536
124 388785 4299
125 393084 3335
126 396419 5885
127 402304 3304
128 405608 920
129 406528 2326
130 408854 4615
131 413469 2311
132 415780 799
133 416579 5809
134 422388 1232
135 423620 6020
136 429640 874
137 430514 1617
138 432131 873
139 433004 3278
140 436282 6393
141 442675 827
142 443502 3417
143 446919 4042
144 450961 1248
145 452209 1082
146 453291 1802
147 455093 1535
148 456628 2496
149 459124 2495
150 461619 1748
151 463367 1379
152 464746 2907
153 467653 2436
154 470089 1568
155 471657 1861
156 473518 1081
157 474599 952
158 475551 3360
159 478911 1958
161 480869 2223
162 483092 1954
163 485046 3111
164 488157 1791
165 489948 3188
168 493136 1105
170 494241 2565
171 496806 1057
172 497863 2269
173 500132 1861
174 501993 1424
175 503417 724
176 504141 1676
177 505817 2533
178 508350 1565
179 509915 2284
180 512199 2384
181 514583 2246
182 516829 1067
183 517896 2514
184 520410 1424
185 521834 4168
186 526002 2106
187 528108 1791
189 529899 4208
190 534107 539
191 534646 831
192 535477 2561
193 538038 4219
194 542257 3551
195 545808 906
197 546714 3511
198 550225 1221
199 551446 2393
200 553839 2646
201 556485 9531
202 566016 7168
203 573184 9128
204 582312 11599
205 593911 15482
206 609393 8924
207 618317 13413
208 631730 12553
209 644283 8168
210 652451 20959
211 673410 12711
212 686121 43170
213 729291 22468
214 751759 21790
215 773549 8607
216 782156 2678
217 784834 2753
218 787587 1925
219 789512 2415
220 791927 7147
221 799074 1555
222 800629 1139
223 801768 1139
231 802907 795
233 803702 8061
234 811763 5533
235 817296 1322
236 818618 2005
237 820623 4746
238 825369 6766
239 832135 8159
240 840294 3903
241 844197 5498
242 849695 1239
243 850934 8818
244 859752 6024
245 865776 2063
246 867839 4442
247 872281 1938
248 874219 9311
249 883530 2400
250 885930 1271
251 887201 2924
252 890125 2157
253 892282 3013
254 895295 946
255 896241 3776
256 900017 2594
257 902611 1515
258 904126 3403
259 907529 1657
260 909186 6361
261 915547 2467
262 918014 2153
263 920167 5062
264 925229 8546
265 933775 5183
266 938958 1096
267 940054 1308
268 941362 1471
269 942833 2470
270 945303 2362
271 947665 1822
272 949487 3498
274 952985 3924
275 956909 3747
277 960656 13394
278 974050 9611
279 983661 2462
280 986123 2086
281 988209 2431
282 990640 2657
283 993297 6368
284 999665 7983
285 1007648 5211
286 1012859 5931
287 1018790 4552
288 1023342 2498
289 1025840 2485
290 1028325 7397
291 1035722 8519
292 1044241 5413
293 1049654 651
294 1050305 2803
295 1053108 3254
296 1056362 1142
297 1057504 1778
298 1059282 1923
299 1061205 639
300 1061844 484
301 1062328 603
302 1062931 2575
303 1065506 2514
304 1068020 1921
305 1069941 5763
306 1075704 2034
307 1077738 3820
308 1081558 8142
309 1089700 4196
310 1093896 2384
311 1096280 1577
312 1097857 3008
313 1100865 1777
314 1102642 8315
315 1110957 1699
316 1112656 5309
317 1117965 1309
318 1119274 14584
319 1133858 1102
320 1134960 1324
321 1136284 5232
322 1141516 2506
323 1144022 3093
324 1147115 6860
325 1153975 6193
326 1160168 9166
327 1169334 11639
328 1180973 2075
329 1183048 6485
330 1189533 5766
331 1195299 9993
332 1205292 7697
340 1212989 5956
341 1218945 1229
342 1220174 4935
343 1225109 9941
344 1235050 5495
345 1240545 3030
346 1243575 1994
347 1245569 1959
348 1247528 2323
349 1249851 1825
350 1251676 1419
351 1253095 1501
352 1254596 1562
353 1256158 1638
354 1257796 3452
355 1261248 2545
356 1263793 15222
357 1279015 3289
358 1282304 7949
359 1290253 3677
360 1293930 3425
361 1297355 6142
362 1303497 2538
363 1306035 3687
364 1309722 2742
365 1312464 9334
366 1321798 1385
369 1323183 4950
370 1328133 1402
371 1329535 1697
372 1331232 1835
373 1333067 2860
374 1335927 8142
375 1344069 7500
376 1351569 3489
377 1355058 9713
378 1364771 1645
379 1366416 953
380 1367369 1654
381 1369023 4131
382 1373154 3749
383 1376903 1024
384 1377927 15026
386 1392953 6474
387 1399427 3481
388 1402908 3492
389 1406400 1216
390 1407616 4788
391 1412404 763
392 1413167 501
393 1413668 7776
394 1421444 2840
395 1424284 3626
396 1427910 2717
397 1430627 1214
398 1431841 994
399 1432835 2145
403 1434980 11794
404 1446774 5303
405 1452077 5880
406 1457957 1762
407 1459719 1026
408 1460745 22608
409 1483353 1512
410 1484865 6603
411 1491468 6394
412 1497862 9542
413 1507404 1635
414 1509039 3781
415 1512820 2105
416 1514925 1949
417 1516874 1559
418 1518433 2556
419 1520989 2005
420 1522994 3742
421 1526736 939
422 1527675 1206
423 1528881 1920
424 1530801 1434
425 1532235 3803
426 1536038 5701
427 1541739 2233
428 1543972 2895
429 1546867 1499
430 1548366 5746
431 1554112 2655
432 1556767 1283
433 1558050 1263
434 1559313 1333
435 1560646 7892
436 1568538 1709
437 1570247 2823
438 1573070 1237
439 1574307 1426
440 1575733 5109
441 1580842 3035
442 1583877 1295
443 1585172 2779
444 1587951 1439
445 1589390 925
446 1590315 2763
447 1593078 1493
448 1594571 906
449 1595477 2965
450 1598442 1217
451 1599659 8733
452 1608392 2604
453 1610996 1623
454 1612619 2227
455 1614846 1985
456 1616831 6230
457 1623061 2073
458 1625134 1565
459 1626699 3138
461 1629837 2678
462 1632515 2877
463 1635392 1035
464 1636427 1417
465 1637844 5488
467 1643332 3605
468 1646937 2065
469 1649002 5779
470 1654781 6742
471 1661523 1205
472 1662728 1487
474 1664215 2191
476 1666406 2931
477 1669337 1217
479 1670554 912
480 1671466 1862
481 1673328 2963
482 1676291 6865
483 1683156 2656
484 1685812 1560
485 1687372 1765
486 1689137 1694
487 1690831 957
488 1691788 8909
489 1700697 5575
490 1706272 5633
491 1711905 5454
492 1717359 6689
493 1724048 2068
494 1726116 19394
496 1745510 1813
497 1747323 1231
498 1748554 3011
499 1751565 1849
500 1753414 2687
501 1756101 4165
502 1760266 1410
503 1761676 585
504 1762261 6544
505 1768805 2406
506 1771211 1824
507 1773035 3340
508 1776375 1884
509 1778259 13662
512 1791921 3032
513 1794953 2369
514 1797322 2833
515 1800155 18374
516 1818529 1583
517 1820112 3064
518 1823176 1091
519 1824267 587
520 1824854 1431
521 1826285 1641
522 1827926 1576
523 1829502 8823
524 1838325 7743
525 1846068 4372
526 1850440 2936
527 1853376 619
528 1853995 7701
529 1861696 4042
530 1865738 12432
531 1878170 4907
532 1883077 2539
535 1885616 6269
536 1891885 2636
538 1894521 2350
539 1896871 3856
540 1900727 2805
541 1903532 13521
542 1917053 7891
543 1924944 1925
544 1926869 2796
545 1929665 1947
546 1931612 1865
547 1933477 3457
548 1936934 2232
549 1939166 3053
550 1942219 2007
551 1944226 1845
552 1946071 2207
553 1948278 2920
554 1951198 2843
555 1954041 1946
560 1955987 2597
561 1958584 3321
562 1961905 2184
563 1964089 1927
564 1966016 1790
565 1967806 2102
566 1969908 4489
567 1974397 3898
568 1978295 3788
569 1982083 3000
570 1985083 2468
571 1987551 2583
572 1990134 2348
573 1992482 2389
576 1994871 5854
579 2000725 9917
580 2010642 2801
581 2013443 948
582 2014391 4440
585 2018831 3193
586 2022024 2671
587 2024695 2395
588 2027090 2614
589 2029704 3565
590 2033269 4352
591 2037621 2607
592 2040228 4983
593 2045211 2740
594 2047951 8223
595 2056174 2755
596 2058929 6268
597 2065197 2454
598 2067651 1232
599 2068883 17777
600 2086660 9834
601 2096494 2956
602 2099450 3244
603 2102694 5877
604 2108571 3472
605 2112043 1942
606 2113985 3077
607 2117062 4488
608 2121550 4353
609 2125903 3709
610 2129612 2992
611 2132604 24473
612 2157077 11272
613 2168349 16257
614 2184606 30618
615 2215224 3782
616 2219006 3136
617 2222142 5164
618 2227306 5551
619 2232857 4683
620 2237540 5519
621 2243059 1868
622 2244927 3835
623 2248762 6046
624 2254808 2453
625 2257261 4421
626 2261682 969
627 2262651 788
628 2263439 4160
629 2267599 2650
630 2270249 2954
631 2273203 1238
632 2274441 1931
633 2276372 2307
634 2278679 2701
635 2281380 2281
636 2283661 1284
637 2284945 4668
638 2289613 4552
639 2294165 3556
640 2297721 3114
641 2300835 4094
642 2304929 4465
643 2309394 2767
644 2312161 3814
645 2315975 2306
646 2318281 1736
647 2320017 2266
648 2322283 20446
649 2342729 3287
650 2346016 4074
651 2350090 1915
652 2352005 8691
653 2360696 2662
654 2363358 5292
655 2368650 5330
656 2373980 3670
657 2377650 4148
658 2381798 5911
659 2387709 3023
660 2390732 5446
661 2396178 1735
662 2397913 2616
663 2400529 5022
664 2405551 4778
665 2410329 3307
666 2413636 5405
667 2419041 5483
668 2424524 4272
669 2428796 2531
670 2431327 4404
671 2435731 7368
673 2443099 4719
675 2447818 901
676 2448719 791
677 2449510 2230
678 2451740 1770
679 2453510 934
680 2454444 1832
681 2456276 12102
682 2468378 4423
684 2472801 6865
685 2479666 9953
686 2489619 1113
688 2490732 3365
689 2494097 1398
690 2495495 3506
691 2499001 5350
692 2504351 4657
693 2509008 5525
697 2514533 2570
698 2517103 3925
705 2521028 592
706 2521620 1540
707 2523160 3299
708 2526459 1870
709 2528329 3258
710 2531587 5077
711 2536664 2097
712 2538761 5814
713 2544575 2298
714 2546873 4207
715 2551080 4905
716 2555985 8505
717 2564490 4225
718 2568715 3226
719 2571941 12788
720 2584729 4551
721 2589280 2371
722 2591651 2423
723 2594074 660
724 2594734 1359
725 2596093 10028
726 2606121 21658
727 2627779 869
728 2628648 3514
730 2632162 1418
731 2633580 1063
732 2634643 5714
733 2640357 1208
734 2641565 910
735 2642475 10821
736 2653296 1356
737 2654652 17603
738 2672255 9472
739 2681727 2844
740 2684571 3971
741 2688542 1356
742 2689898 4582
743 2694480 5956
744 2700436 1059
746 2701495 2296
747 2703791 8165
748 2711956 3248
749 2715204 1841
750 2717045 529
751 2717574 1548
752 2719122 2266
753 2721388 3808
754 2725196 5933
755 2731129 1330
756 2732459 3168
757 2735627 1236
758 2736863 1310
759 2738173 1098
760 2739271 5536
761 2744807 930
762 2745737 4363
764 2750100 8874
765 2758974 3590
766 2762564 1600
767 2764164 1338
768 2765502 6354
769 2771856 4039
770 2775895 1245
771 2777140 2930
772 2780070 2656
773 2782726 1773
774 2784499 4090
775 2788589 12815
776 2801404 1474
777 2802878 4003
778 2806881 3579
779 2810460 1364
780 2811824 1087
781 2812911 3958
782 2816869 6871
784 2823740 1578
785 2825318 1511
786 2826829 1448
787 2828277 2419
788 2830696 2150
789 2832846 1746
790 2834592 1763
791 2836355 1154
792 2837509 1635
793 2839144 803
794 2839947 7019
795 2846966 8089
796 2855055 1476
797 2856531 1082
798 2857613 4666
799 2862279 2421
800 2864700 1164
801 2865864 6432
802 2872296 1764
803 2874060 7510
804 2881570 2158
805 2883728 6386
806 2890114 3990
807 2894104 1390
808 2895494 8330
809 2903824 6855
810 2910679 9480
811 2920159 3623
812 2923782 2222
813 2926004 3388
814 2929392 4710
815 2934102 1672
816 2935774 7379
817 2943153 1293
818 2944446 1072
819 2945518 9039
820 2954557 11193
821 2965750 9211
822 2974961 15940
823 2990901 8712
824 2999613 8401
825 3008014 7335
826 3015349 11220
827 3026569 19464
828 3046033 13529
829 3059562 5470
830 3065032 488
831 3065520 827
832 3066347 3191
833 3069538 7330
834 3076868 535
835 3077403 1530
836 3078933 3455
837 3082388 2096
838 3084484 9144
839 3093628 8005
841 3101633 4681
842 3106314 2681
843 3108995 4076
844 3113071 5069
845 3118140 7132
846 3125272 3400
847 3128672 2827
848 3131499 674
849 3132173 1047
850 3133220 1631
851 3134851 6647
852 3141498 1342
853 3142840 11408
854 3154248 6323
855 3160571 4418
856 3164989 25725
857 3190714 3741
858 3194455 5133
859 3199588 8372
860 3207960 9750
861 3217710 4621
862 3222331 6353
863 3228684 9579
864 3238263 12767
865 3251030 4664
866 3255694 10929
867 3266623 6255
868 3272878 5101
869 3277979 1750
870 3279729 3808
871 3283537 4761
872 3288298 3701
873 3291999 10687
874 3302686 9866
875 3312552 6797
876 3319349 6060
877 3325409 6563
878 3331972 5786
880 3337758 3898
881 3341656 3487
882 3345143 3837
883 3348980 3326
884 3352306 12234
885 3364540 12824
886 3377364 4223
887 3381587 2855
888 3384442 5563
889 3390005 15874
890 3405879 4278
891 3410157 715
892 3410872 1199
893 3412071 4393
894 3416464 4370
895 3420834 2085
896 3422919 12994
897 3435913 6699
898 3442612 8804
899 3451416 7720
900 3459136 10675
902 3469811 6968
903 3476779 8936
904 3485715 2337
905 3488052 8143
906 3496195 8273
907 3504468 3891
908 3508359 5739
909 3514098 10239
910 3524337 2543
911 3526880 13677
913 3540557 523
914 3541080 1531
915 3542611 3081
916 3545692 1302
917 3546994 5499
918 3552493 1248
919 3553741 1962
920 3555703 2668
921 3558371 2416
922 3560787 1214
924 3562001 6803
925 3568804 3172
926 3571976 2602
927 3574578 5236
928 3579814 1924
929 3581738 2574
930 3584312 4768
931 3589080 4723
932 3593803 4485
933 3598288 3094
934 3601382 7676
935 3609058 5797
936 3614855 3524
937 3618379 3341
938 3621720 2372
939 3624092 3492
940 3627584 2182
941 3629766 2047
942 3631813 9155
943 3640968 5401
944 3646369 7494
945 3653863 5417
946 3659280 4844
947 3664124 8223
948 3672347 11909
949 3684256 6317
950 3690573 1447
951 3692020 1872
952 3693892 983
953 3694875 5313
954 3700188 2967
955 3703155 685
956 3703840 4205
957 3708045 830
958 3708875 3163
959 3712038 748
960 3712786 935
961 3713721 4243
962 3717964 3685
963 3721649 1290
964 3722939 1822
965 3724761 1163
966 3725924 1651
967 3727575 893
968 3728468 2512
969 3730980 4385
970 3735365 4684
971 3740049 1116
972 3741165 2246
973 3743411 964
974 3744375 1975
975 3746350 904
976 3747254 1203
977 3748457 1493
978 3749950 567
979 3750517 3973
980 3754490 1457
981 3755947 4816
982 3760763 2488
983 3763251 2076
984 3765327 2498
985 3767825 2246
986 3770071 3489
987 3773560 1679
988 3775239 1133
989 3776372 2612
990 3778984 2033
991 3781017 1898
992 3782915 4292
993 3787207 14534
994 3801741 2119
995 3803860 6563
996 3810423 13698
997 3824121 9052
998 3833173 3708
999 3836881 4608
1000 3841489 3643
1001 3845132 5661
1002 3850793 1698
1004 3852491 3990
1005 3856481 1898
1006 3858379 9748
1007 3868127 6465
1008 3874592 2456
1009 3877048 4516
1010 3881564 7535
1011 3889099 2092
1012 3891191 3694
1013 3894885 4307
1014 3899192 1095
1015 3900287 2220
1021 3902507 214
1066 3902721 5120
1067 3907841 7818
1068 3915659 5307
1069 3920966 10982
1070 3931948 1832
1071 3933780 7252
1072 3941032 3679
1073 3944711 7908
1074 3952619 481
1078 3953100 3877
1079 3956977 755
1080 3957732 875
1081 3958607 5661
1082 3964268 1487
1083 3965755 2139
1084 3967894 2617
1085 3970511 3662
1086 3974173 3265
1087 3977438 2086
1088 3979524 4834
1089 3984358 10106
1090 3994464 591
1091 3995055 3159
1092 3998214 3453
1093 4001667 5310
1094 4006977 3762
1095 4010739 6234
1096 4016973 9832
1097 4026805 2079
1098 4028884 1634
1099 4030518 3123
1100 4033641 5570
1101 4039211 3665
1102 4042876 1985
1103 4044861 4389
1104 4049250 1368
1105 4050618 9437
1106 4060055 4568
1107 4064623 2580
1108 4067203 3570
1109 4070773 1781
1110 4072554 1486
1111 4074040 1502
1112 4075542 4709
1113 4080251 2892
1114 4083143 8538
1115 4091681 7762
1116 4099443 5298
1117 4104741 3040
1118 4107781 7131
1119 4114912 1202
1120 4116114 2801
1121 4118915 2585
1122 4121500 1948
1123 4123448 2315
1124 4125763 530
1125 4126293 5868
1126 4132161 521
1127 4132682 2073
1128 4134755 6610
1129 4141365 5869
1130 4147234 2517
1131 4149751 3072
1132 4152823 8925
1133 4161748 3611
1135 4165359 3036
1136 4168395 8931
1137 4177326 4017
1138 4181343 3376
1139 4184719 3619
1140 4188338 1473
1141 4189811 4474
1142 4194285 1025
1143 4195310 1777
1144 4197087 5584
1145 4202671 2094
1146 4204765 1797
1147 4206562 15810
1148 4222372 5909
1149 4228281 2256
1150 4230537 2620
1151 4233157 5391
1152 4238548 3919
1153 4242467 13719
1154 4256186 3822
1155 4260008 1851
1156 4261859 3620
1157 4265479 6552
1158 4272031 2961
1159 4274992 554
1160 4275546 4674
1161 4280220 4539
1162 4284759 2707
1163 4287466 4726
1164 4292192 2158
1165 4294350 741
1166 4295091 5610
1167 4300701 2552
1168 4303253 8538
1169 4311791 7349
1170 4319140 2418
1171 4321558 1465
1172 4323023 1645
1173 4324668 2677
1174 4327345 2581
1175 4329926 2255
1176 4332181 3067
1177 4335248 2072
1178 4337320 2989
1179 4340309 6902
1180 4347211 6356
1181 4353567 6840
1182 4360407 6716
1183 4367123 3945
1184 4371068 8053
1185 4379121 7733
1186 4386854 3121
1187 4389975 1803
1188 4391778 2983
1189 4394761 1613
1190 4396374 3027
1191 4399401 3440
1192 4402841 1861
1193 4404702 1530
1194 4406232 4764
1195 4410996 1746
1196 4412742 1524
1197 4414266 2467
1198 4416733 3618
1199 4420351 2067
1200 4422418 1462
1201 4423880 2811
1202 4426691 7788
1203 4434479 3331
1204 4437810 3615
1205 4441425 8869
1206 4450294 3734
1207 4454028 2819
1208 4456847 2199
1209 4459046 3565
1210 4462611 3492
1211 4466103 2074
1212 4468177 1590
1213 4469767 1798
1214 4471565 6349
1215 4477914 3197
1216 4481111 2238
1217 4483349 1862
1218 4485211 3419
1219 4488630 5501
1220 4494131 2005
1221 4496136 4133
1222 4500269 2716
1223 4502985 3754
1224 4506739 1750
1225 4508489 1539
1226 4510028 1540
1227 4511568 1622
1228 4513190 3634
1229 4516824 2730
1230 4519554 3961
1231 4523515 2375
1232 4525890 2394
1233 4528284 2580
1234 4530864 2374
1235 4533238 2507
1236 4535745 22613
1237 4558358 3207
1238 4561565 3601
1239 4565166 6306
1240 4571472 3088
1241 4574560 3297
1242 4577857 3409
1243 4581266 5209
1244 4586475 1609
1245 4588084 2589
1246 4590673 3414
1247 4594087 2450
1248 4596537 1080
1249 4597617 2360
1250 4599977 5075
1251 4605052 4212
1253 4609264 3771
1254 4613035 2637
1255 4615672 5412
1256 4621084 2525
1257 4623609 3768
1258 4627377 1098
1259 4628475 5275
1260 4633750 1442
1261 4635192 1215
1262 4636407 2043
1263 4638450 7420
1264 4645870 3324
1265 4649194 2535
1270 4651729 4110
1271 4655839 5735
1272 4661574 9711
1273 4671285 7144
1274 4678429 8118
1275 4686547 17860
1277 4704407 15539
1278 4719946 7366
1279 4727312 12332
1282 4739644 3893
1284 4743537 33338
1285 4776875 2393
1286 4779268 2275
1287 4781543 4719
1288 4786262 3568
1289 4789830 2513
1290 4792343 4066
1291 4796409 2476
1292 4798885 6067
1293 4804952 8302
1295 4813254 5881
1296 4819135 5662
1297 4824797 7370
1299 4832167 15603
1301 4847770 7266
1303 4855036 10297
1306 4865333 12097
1308 4877430 16837
1309 4894267 4192
1310 4898459 5530
1311 4903989 3433
1312 4907422 4263
1313 4911685 4044
1314 4915729 6573
1315 4922302 3809
1316 4926111 5535
1317 4931646 3428
1318 4935074 4508
1320 4939582 2825
1321 4942407 8735
1322 4951142 4105
1327 4955247 23974
1329 4979221 15975
1332 4995196 5819
1333 5001015 5555
1336 5006570 10302
1338 5016872 11976
1344 5028848 3707
1345 5032555 5155
1349 5037710 16614
1351 5054324 15889
1354 5070213 282
1357 5070495 5759
1358 5076254 5694
1362 5081948 1722
1365 5083670 7369
1369 5091039 55257
1370 5146296 10319
1371 5156615 5394
1372 5162009 8825
1373 5170834 7574
1374 5178408 6428
1376 5184836 16262
1380 5201098 5399
1381 5206497 5280
1384 5211777 6835
1388 5218612 11760
1390 5230372 5296
1391 5235668 6569
1392 5242237 3912
1393 5246149 6292
1394 5252441 4982
1395 5257423 6871
1396 5264294 4197
1397 5268491 8184
1398 5276675 5009
1399 5281684 4513
1400 5286197 17207
1402 5303404 3155
1403 5306559 7955
1404 5314514 3773
1405 5318287 5406
1406 5323693 10434
1407 5334127 7480
1408 5341607 8213
1409 5349820 24578
1411 5374398 15447
1414 5389845 5423
1415 5395268 5141
1416 5400409 3464
1418 5403873 3478
1419 5407351 2941
1420 5410292 3616
1423 5413908 15072
1425 5428980 11807
1427 5440787 13915
1428 5454702 14225
1430 5468927 4923
1435 5473850 3689
1436 5477539 5250
1437 5482789 10023
1438 5492812 7498
1439 5500310 8261
1440 5508571 16760
1442 5525331 15457
1445 5540788 5477
1447 5546265 5441
1448 5551706 5172
1453 5556878 11749
1459 5568627 3745
1460 5572372 5244
1461 5577616 10004
1462 5587620 7452
1463 5595072 8275
1464 5603347 16997
1466 5620344 15487
1469 5635831 5540
1470 5641371 5236
1471 5646607 6811
1475 5653418 16162
1479 5669580 11745
1495 5681325 3384
1497 5684709 3647
1498 5688356 5434
1500 5693790 7462
1502 5701252 23504
1504 5724756 5534
1505 5730290 5217
1509 5735507 9189
1510 5744696 11925
1520 5756621 3635
1521 5760256 5298
1523 5765554 7427
1525 5772981 17480
1527 5790461 15526
1530 5805987 5568
1531 5811555 5132
1534 5816687 9284
1536 5825971 8884
1541 5834855 3104
1551 5837959 16985
1554 5854944 15525
1555 5870469 9151
1558 5879620 5553
1559 5885173 5223
1573 5890396 5855
1574 5896251 6200
1575 5902451 3856
1576 5906307 7649
1577 5913956 4698
1579 5918654 3594
1580 5922248 7391
1581 5929639 5044
1582 5934683 5052
1585 5939735 3404
1587 5943139 3843
1589 5946982 10004
1590 5956986 7478
1592 5964464 24416
1594 5988880 15528
1596 6004408 5869
1599 6010277 7071
1601 6017348 5545
1602 6022893 5186
1603 6028079 3618
1614 6031697 3588
1617 6035285 7512
1619 6042797 17409
1621 6060206 15613
1625 6075819 5620
1626 6081439 5301
1638 6086740 4220
1645 6090960 6071
1646 6097031 5740
1647 6102771 10623
1651 6113394 10043
1653 6123437 8228
1654 6131665 16724
1658 6148389 5247
1661 6153636 17142
1664 6170778 3283
1668 6174061 9996
1674 6184057 5717
1675 6189774 4322
1676 6194096 3301
1677 6197397 6036
1678 6203433 4818
1680 6208251 3944
1681 6212195 5469
1682 6217664 4747
1683 6222411 5736
1688 6228147 3307
1692 6231454 8377
1693 6239831 22527
1695 6262358 15549
1703 6277907 10246
1707 6288153 15191
1713 6303344 2505
1714 6305849 4764
1715 6310613 9196
1716 6319809 6861
1718 6326670 16148
1720 6342818 15441
1721 6358259 7057
1722 6365316 3039
1725 6368355 5263
1732 6373618 56617
1735 6430235 15597
1737 6445832 5739
1741 6451571 4948
1742 6456519 7126
1744 6463645 13057
1755 6476702 6793
1756 6483495 3345
1757 6486840 4772
1758 6491612 5707
1759 6497319 7571
1760 6504890 7816
1761 6512706 5360
1762 6518066 7453
1763 6525519 4468
1764 6529987 3517
1765 6533504 4445
1766 6537949 8052
1767 6546001 11512
1768 6557513 2038
1769 6559551 3593
1770 6563144 5153
1771 6568297 5321
1772 6573618 5140
1773 6578758 6307
1774 6585065 1027
1775 6586092 7164
1776 6593256 2933
1778 6596189 4206
1779 6600395 6398
1780 6606793 2877
1781 6609670 1592
1782 6611262 2908
1783 6614170 3388
1784 6617558 1764
1785 6619322 5526
1786 6624848 9025
1787 6633873 183
1788 6634056 2284
1789 6636340 8392
1790 6644732 6779
1791 6651511 6438
1792 6657949 3678
1793 6661627 3371
1794 6664998 2877
1795 6667875 3404
1796 6671279 466
1797 6671745 2159
1798 6673904 3910
1800 6677814 2901
1801 6680715 3564
1802 6684279 2687
1803 6686966 6543
1804 6693509 9389
1805 6702898 8406
1806 6711304 10492
1807 6721796 9659
1808 6731455 10242
1809 6741697 7927
1810 6749624 5445
1811 6755069 6217
1813 6761286 3529
1814 6764815 3973
1816 6768788 1549
1817 6770337 1646
1818 6771983 3139
1819 6775122 3502
1822 6778624 5908
1824 6784532 4583
1825 6789115 3472
1826 6792587 11564
1827 6804151 5118
1829 6809269 4787
1830 6814056 1065
1831 6815121 4137
1832 6819258 3646
1833 6822904 3428
1836 6826332 4546
1837 6830878 7972
1838 6838850 2237
1839 6841087 5517
1840 6846604 4367
1841 6850971 6495
1842 6857466 4767
1843 6862233 2150
1844 6864383 2135
1845 6866518 1486
1846 6868004 3304
1847 6871308 4579
1848 6875887 4126
1849 6880013 6214
1850 6886227 8547
1851 6894774 1847
1852 6896621 5755
1853 6902376 7250
1854 6909626 1277
1855 6910903 3407
1856 6914310 4092
1857 6918402 1624
1858 6920026 7216
1859 6927242 2746
1860 6929988 10101
1861 6940089 4279
1862 6944368 5781
1863 6950149 808
1864 6950957 3739
1865 6954696 1969
1868 6956665 4242
1869 6960907 3602
1871 6964509 3048
1872 6967557 4813
1873 6972370 4099
1874 6976469 2620
1875 6979089 2721
1876 6981810 3569
1877 6985379 3468
1878 6988847 19802
1879 7008649 4005
1880 7012654 1259
1883 7013913 5342
1884 7019255 4315
1885 7023570 3790
1886 7027360 4366
1887 7031726 3066
1889 7034792 4301
1890 7039093 3742
1892 7042835 3993
1893 7046828 4159
1894 7050987 3542
1895 7054529 3649
1896 7058178 3805
1897 7061983 4000
1898 7065983 3470
1899 7069453 4316
1900 7073769 10497
1901 7084266 3769
1902 7088035 4725
1903 7092760 3509
1905 7096269 4782
1906 7101051 4191
1907 7105242 3957
1908 7109199 3484
1909 7112683 2851
1910 7115534 3089
1911 7118623 3130
1912 7121753 4058
1913 7125811 3264
1914 7129075 19340
1915 7148415 4352
1916 7152767 3400
1917 7156167 1554
1918 7157721 3452
1919 7161173 3514
1920 7164687 19527
1921 7184214 4679
1922 7188893 1516
1923 7190409 3419
1924 7193828 4854
1925 7198682 4152
1926 7202834 3348
1927 7206182 1232
1928 7207414 3459
1929 7210873 5451
1930 7216324 3781
1931 7220105 5071
1933 7225176 3285
1935 7228461 3727
1936 7232188 3480
1937 7235668 2734
1938 7238402 3235
1939 7241637 3645
1940 7245282 3192
1941 7248474 3545
1942 7252019 18925
1943 7270944 4507
1944 7275451 3779
1945 7279230 3616
1946 7282846 1594
1947 7284440 4326
1948 7288766 1239
1949 7290005 933
1950 7290938 2956
1951 7293894 4064
1952 7297958 3539
1953 7301497 2847
1954 7304344 3527
1955 7307871 2610
1956 7310481 1111
1957 7311592 4219
1958 7315811 19791
1961 7335602 3329
1962 7338931 4804
1963 7343735 3310
1964 7347045 3267
1965 7350312 3643
1966 7353955 4321
1967 7358276 5457
1968 7363733 3017
1969 7366750 2753
1970 7369503 3742
1971 7373245 2128
1972 7375373 4011
1973 7379384 13089
1974 7392473 2517
1975 7394990 1922
1976 7396912 3620
1977 7400532 3868
1978 7404400 3875
1979 7408275 1903
1980 7410178 5433
1981 7415611 6861
1982 7422472 2514
1983 7424986 4584
1985 7429570 1511
1986 7431081 2476
1987 7433557 2678
1988 7436235 807
1989 7437042 5355
1991 7442397 846
1992 7443243 3568
1993 7446811 5931
1994 7452742 1246
1995 7453988 1391
1997 7455379 4596
1998 7459975 2392
1999 7462367 2209
2001 7464576 4074
2002 7468650 942
2003 7469592 2943
2004 7472535 1150
2005 7473685 1792
2006 7475477 2011
2007 7477488 3128
2008 7480616 7138
2009 7487754 8587
2010 7496341 3972
2011 7500313 3990
2012 7504303 4630
2013 7508933 3917
2014 7512850 4644
2015 7517494 1171
2016 7518665 4230
2017 7522895 2722
2018 7525617 1730
2020 7527347 4054
2021 7531401 3876
2022 7535277 2896
2023 7538173 1304
2024 7539477 3173
2025 7542650 7705
2026 7550355 19011
2027 7569366 2211
2028 7571577 3789
2029 7575366 1661
2030 7577027 4250
2032 7581277 8868
2033 7590145 3146
2038 7593291 8690
2039 7601981 5762
2040 7607743 2172
2042 7609915 1228
2043 7611143 3878
2045 7615021 1672
2046 7616693 3454
2047 7620147 2820
2048 7622967 6306
2050 7629273 1801
2051 7631074 6740
2052 7637814 3672
2053 7641486 10448
2054 7651934 6994
2055 7658928 4577
2056 7663505 3539
2057 7667044 6441
2058 7673485 9626
2059 7683111 1602
2060 7684713 2791
2061 7687504 2415
2062 7689919 4558
2063 7694477 8705
2064 7703182 1590
2065 7704772 4813
2066 7709585 2139
2067 7711724 1004
2068 7712728 5416
2069 7718144 1969
2070 7720113 1501
2071 7721614 1854
2072 7723468 1171
2073 7724639 1178
2074 7725817 6909
2075 7732726 3754
2076 7736480 1023
2077 7737503 2470
2078 7739973 2228
2079 7742201 3224
2080 7745425 2585
2081 7748010 29862
2082 7777872 1097
2083 7778969 1746
2084 7780715 5102
2085 7785817 1252
2086 7787069 1650
2087 7788719 1731
2088 7790450 2416
2089 7792866 1678
2090 7794544 1583
2091 7796127 2631
2092 7798758 3221
2093 7801979 4642
2094 7806621 1784
2095 7808405 957
2096 7809362 1495
2097 7810857 2053
2098 7812910 1528
2099 7814438 1799
2100 7816237 1289
2101 7817526 1905
2102 7819431 1624
2103 7821055 860
2104 7821915 2718
2105 7824633 1873
2106 7826506 6118
2107 7832624 2735
2108 7835359 1403
2109 7836762 1206
2110 7837968 2688
2111 7840656 1457
2112 7842113 2315
2113 7844428 1468
2114 7845896 1340
2115 7847236 2191
2116 7849427 1522
2117 7850949 1715
2118 7852664 5225
2119 7857889 2594
2120 7860483 5584
2122 7866067 1304
2123 7867371 2976
2124 7870347 1603
2125 7871950 2787
2127 7874737 864
2128 7875601 1606
2129 7877207 3995
2130 7881202 3236
2131 7884438 2993
2132 7887431 3365
2133 7890796 2712
2134 7893508 1409
2135 7894917 1373
2138 7896290 1630
2139 7897920 1094
2140 7899014 3321
2141 7902335 3195
2142 7905530 3786
2143 7909316 1762
2144 7911078 4880
2147 7915958 1785
2148 7917743 973
2149 7918716 1274
2150 7919990 989
2151 7920979 1166
2152 7922145 5064
2154 7927209 1855
2155 7929064 1133
2156 7930197 1296
2157 7931493 1240
2158 7932733 4177
2159 7936910 1507
2160 7938417 2688
2161 7941105 2141
2162 7943246 1102
2163 7944348 1837
2164 7946185 4995
2165 7951180 2337
2166 7953517 748
2167 7954265 3227
2168 7957492 755
2170 7958247 6350
2171 7964597 5734
2172 7970331 10696
2173 7981027 3798
2174 7984825 1551
2175 7986376 2141
2177 7988517 4295
2178 7992812 6381
2179 7999193 3039
2180 8002232 6094
2181 8008326 6075
2183 8014401 6476
2184 8020877 3280
2185 8024157 6686
2186 8030843 8997
2187 8039840 1392
2188 8041232 2915
2189 8044147 1769
2191 8045916 5996
2192 8051912 6787
2193 8058699 6307
2194 8065006 6430
2195 8071436 9640
2196 8081076 9746
2197 8090822 1186
2198 8092008 718
2200 8092726 3802
2201 8096528 673
2202 8097201 5516
2203 8102717 1391
2204 8104108 2781
2205 8106889 2310
2206 8109199 5533
2207 8114732 12223
2208 8126955 2578
2209 8129533 26091
2210 8155624 3716
2211 8159340 4040
2212 8163380 12436
2213 8175816 4407
2214 8180223 3877
2215 8184100 14657
2216 8198757 12279
2217 8211036 3681
2218 8214717 1606
2219 8216323 9107
2220 8225430 1799
2221 8227229 689
2222 8227918 3237
2223 8231155 2848
2224 8234003 5825
2225 8239828 9588
2226 8249416 4037
2227 8253453 1140
2228 8254593 1753
2229 8256346 5506
2230 8261852 4603
2231 8266455 4534
2232 8270989 4400
2233 8275389 1848
2234 8277237 4352
2235 8281589 3668
2236 8285257 6170
2237 8291427 4197
2238 8295624 1101
2239 8296725 731
2240 8297456 8850
2241 8306306 3959
2242 8310265 7013
2243 8317278 1518
2244 8318796 2470
2245 8321266 1083
2246 8322349 1017
2247 8323366 1007
2248 8324373 5316
2249 8329689 10941
2250 8340630 742
2251 8341372 662
2252 8342034 4014
2253 8346048 10047
2256 8356095 840
2258 8356935 619
2259 8357554 979
2260 8358533 719
2261 8359252 1734
2262 8360986 12305
2263 8373291 4333
2264 8377624 11198
2265 8388822 3617
2266 8392439 1479
2267 8393918 3261
2268 8397179 1206
2269 8398385 1779
2270 8400164 4534
2271 8404698 1084
2272 8405782 4207
2273 8409989 1825
2276 8411814 4943
2277 8416757 2615
2278 8419372 2600
2279 8421972 366
2280 8422338 1527
2281 8423865 1502
2282 8425367 2186
2283 8427553 1494
2284 8429047 1083
2285 8430130 2664
2286 8432794 1018
2287 8433812 334
2288 8434146 4571
2289 8438717 1285
2290 8440002 895
2291 8440897 3905
2292 8444802 1341
2293 8446143 3120
2294 8449263 2617
2295 8451880 541
2296 8452421 1290
2297 8453711 1240
2298 8454951 2498
2299 8457449 1198
2302 8458647 1337
2303 8459984 7421
2307 8467405 7016
2309 8474421 1667
2310 8476088 1601
2311 8477689 2037
2312 8479726 1343
2313 8481069 511
2314 8481580 1355
2315 8482935 2295
2317 8485230 1540
2318 8486770 11529
2319 8498299 2055
2320 8500354 820
2321 8501174 923
2322 8502097 1064
2323 8503161 1824
2324 8504985 718
2325 8505703 11546
2326 8517249 1783
2327 8519032 2957
2328 8521989 3731
2329 8525720 951
2330 8526671 2207
2331 8528878 1230
2332 8530108 4754
2334 8534862 7038
2335 8541900 1044
2336 8542944 1782
2337 8544726 2565
2338 8547291 1487
2339 8548778 1249
2344 8550027 1659
2345 8551686 3002
2346 8554688 1326
2351 8556014 6453
2352 8562467 2698
2353 8565165 448
2354 8565613 4238
2356 8569851 1486
2357 8571337 2123
2358 8573460 2790
2359 8576250 3169
2360 8579419 1376
2361 8580795 1533
2362 8582328 1136
2363 8583464 1451
2364 8584915 2350
2365 8587265 594
2366 8587859 9623
2367 8597482 2024
2368 8599506 1858
2369 8601364 2650
2370 8604014 3191
2372 8607205 3464
2373 8610669 8362
2375 8619031 1734
2376 8620765 1059
2377 8621824 1468
2378 8623292 1064
2379 8624356 1373
2380 8625729 5346
2381 8631075 4992
2382 8636067 2159
2383 8638226 1746
2384 8639972 4018
2385 8643990 2327
2386 8646317 2263
2389 8648580 1486
2390 8650066 4279
2391 8654345 1272
2392 8655617 1238
2393 8656855 1416
2394 8658271 1693
2395 8659964 5176
2396 8665140 2527
2399 8667667 10862
2403 8678529 1539
2405 8680068 7014
2406 8687082 1867
2407 8688949 7295
2408 8696244 3337
2409 8699581 1921
2410 8701502 12849
2411 8714351 5243
2412 8719594 4671
2413 8724265 1382
2414 8725647 2478
2415 8728125 2323
2416 8730448 2156
2417 8732604 3616
2418 8736220 1390
2419 8737610 11053
2420 8748663 1174
2421 8749837 679
2422 8750516 4745
2424 8755261 1300
2425 8756561 908
2427 8757469 3111
2428 8760580 1899
2429 8762479 2881
2430 8765360 977
2431 8766337 1320
2432 8767657 1361
2433 8769018 532
2436 8769550 4948
2437 8774498 3244
2438 8777742 2204
2439 8779946 865
2440 8780811 793
2441 8781604 1250
2443 8782854 1592
2444 8784446 773
2445 8785219 1685
2447 8786904 561
2448 8787465 1845
2449 8789310 2475
2450 8791785 2324
2451 8794109 2690
2452 8796799 1654
2453 8798453 625
2454 8799078 2164
2455 8801242 2199
2456 8803441 2202
2457 8805643 2328
2458 8807971 2137
2459 8810108 487
2460 8810595 2431
2461 8813026 1239
2462 8814265 3100
2463 8817365 1563
2464 8818928 713
2465 8819641 1049
2466 8820690 3335
2467 8824025 3684
2468 8827709 6347
2469 8834056 1488
2470 8835544 2681
2471 8838225 2094
2472 8840319 3106
2473 8843425 1604
2474 8845029 8505
2475 8853534 3497
2476 8857031 3387
2478 8860418 7908
2479 8868326 8185
2480 8876511 8616
2481 8885127 5677
2482 8890804 7393
2483 8898197 7057
2485 8905254 1795
2486 8907049 6415
2487 8913464 9039
2488 8922503 3868
2490 8926371 2728
2491 8929099 2402
2492 8931501 3866
2493 8935367 4814
2494 8940181 4256
2496 8944437 7040
2498 8951477 8473
2503 8959950 8304
2504 8968254 5412
2506 8973666 7585
2508 8981251 3455
2509 8984706 2890
2510 8987596 1059
2511 8988655 3057
2512 8991712 10603
2513 9002315 7550
2514 9009865 7604
2515 9017469 1044
2516 9018513 2972
2517 9021485 1797
2518 9023282 8030
2519 9031312 6928
2520 9038240 4065
2521 9042305 1035
2522 9043340 9562
2523 9052902 9618
2524 9062520 2699
2525 9065219 3797
2526 9069016 5679
2527 9074695 14756
2528 9089451 3048
2529 9092499 4451
2530 9096950 7875
2531 9104825 6482
2532 9111307 2510
2533 9113817 3853
2534 9117670 3796
2536 9121466 3389
2537 9124855 5053
2538 9129908 2243
2539 9132151 1109
2540 9133260 1366
2541 9134626 3998
2542 9138624 988
2543 9139612 3481
2544 9143093 3293
2545 9146386 3678
2546 9150064 3279
2547 9153343 2467
2548 9155810 989
2549 9156799 1258
2550 9158057 8054
2551 9166111 6989
2552 9173100 4476
2553 9177576 7281
2554 9184857 995
2555 9185852 3322
2556 9189174 9053
2557 9198227 2145
2558 9200372 6283
2559 9206655 6277
2560 9212932 1145
2561 9214077 816
2562 9214893 6803
2563 9221696 3584
2564 9225280 2683
2565 9227963 1026
2566 9228989 3757
2567 9232746 2427
2568 9235173 2052
2569 9237225 2521
2570 9239746 3445
2571 9243191 2472
2572 9245663 2526
2573 9248189 20195
2574 9268384 8415
2575 9276799 4388
2576 9281187 4493
2577 9285680 4162
2578 9289842 1552
2579 9291394 4504
2580 9295898 1382
2581 9297280 1200
2582 9298480 1498
2583 9299978 7445
2584 9307423 2198
2585 9309621 18044
2586 9327665 8897
2587 9336562 5694
2588 9342256 4043
2589 9346299 3567
2590 9349866 2064
2591 9351930 16391
2592 9368321 4478
2593 9372799 1166
2594 9373965 1939
2595 9375904 1367
2596 9377271 8194
2597 9385465 5190
2598 9390655 6863
2599 9397518 1853
2600 9399371 8151
2601 9407522 7548
2602 9415070 8491
2603 9423561 4970
2605 9428531 15110
2606 9443641 7560
2607 9451201 5100
2608 9456301 1389
2609 9457690 1590
2610 9459280 2172
2612 9461452 833
2613 9462285 6368
2614 9468653 2145
2615 9470798 8247
2616 9479045 4242
2617 9483287 1888
2618 9485175 5256
2619 9490431 5489
2620 9495920 9135
2621 9505055 4711
2622 9509766 9544
2623 9519310 3791
2624 9523101 1093
2625 9524194 1445
2626 9525639 1374
2627 9527013 9097
2629 9536110 1746
2630 9537856 785
2631 9538641 1460
2632 9540101 12526
2633 9552627 8052
2634 9560679 4097
2635 9564776 5020
2636 9569796 4451
2637 9574247 8902
2639 9583149 5383
2640 9588532 2945
2641 9591477 3123
2642 9594600 1691
2643 9596291 8110
2644 9604401 3708
2645 9608109 14190
2646 9622299 3302
2647 9625601 3896
2648 9629497 4331
2649 9633828 11611
2650 9645439 949
2651 9646388 7979
2652 9654367 6246
2653 9660613 798
2654 9661411 5669
2655 9667080 15711
2656 9682791 930
2657 9683721 6054
2658 9689775 692
2659 9690467 5252
2660 9695719 7924
2661 9703643 1453
2662 9705096 4368
2663 9709464 717
2664 9710181 8894
2665 9719075 1371
2666 9720446 1036
2667 9721482 1093
2668 9722575 6671
2669 9729246 2162
2670 9731408 1937
2672 9733345 6198
2673 9739543 3615
2674 9743158 634
2675 9743792 1840
2676 9745632 3082
2677 9748714 1237
2678 9749951 2302
2680 9752253 3482
2681 9755735 4106
2682 9759841 4323
2683 9764164 6277
2684 9770441 3755
2685 9774196 717
2686 9774913 4278
2687 9779191 4082
2688 9783273 544
2689 9783817 1004
2690 9784821 1594
2691 9786415 3659
2692 9790074 3589
2693 9793663 4801
2694 9798464 2700
2695 9801164 2082
2696 9803246 3134
2697 9806380 809
2698 9807189 7153
2699 9814342 954
2700 9815296 3150
2701 9818446 2388
2702 9820834 2684
2704 9823518 2554
2705 9826072 4033
2706 9830105 2046
2707 9832151 1864
2708 9834015 4433
2709 9838448 1429
2710 9839877 4412
2711 9844289 3884
2712 9848173 5674
2714 9853847 4519
2716 9858366 1273
2717 9859639 2845
2718 9862484 6432
2719 9868916 2541
2720 9871457 3449
2721 9874906 2712
2722 9877618 2264
2724 9879882 773
2725 9880655 9089
2727 9889744 2210
2728 9891954 2524
2729 9894478 2397
2730 9896875 2371
2731 9899246 1351
2732 9900597 1139
2733 9901736 2949
2734 9904685 10143
2735 9914828 1283
2736 9916111 3969
2737 9920080 1119
2739 9921199 10763
2740 9931962 1840
2741 9933802 3361
2742 9937163 3338
2743 9940501 3574
2744 9944075 9679
2745 9953754 2190
2746 9955944 1117
2747 9957061 783
2748 9957844 1053
2749 9958897 1836
2750 9960733 8502
2751 9969235 3450
2752 9972685 6333
2753 9979018 4808
2754 9983826 5602
2755 9989428 1712
2756 9991140 5358
2757 9996498 1696
2758 9998194 1721
2759 9999915 6813
2760 10006728 2768
2761 10009496 1502
2762 10010998 2071
2763 10013069 2584
2764 10015653 2582
2765 10018235 3762
2766 10021997 787
2767 10022784 1098
2768 10023882 2940
2769 10026822 4408
2770 10031230 9689
2771 10040919 2202
2772 10043121 3166
2773 10046287 2107
2774 10048394 2285
2775 10050679 26917
2776 10077596 1901
2777 10079497 1781
2778 10081278 5355
2780 10086633 2507
2781 10089140 3407
2782 10092547 4788
2783 10097335 3739
2784 10101074 3380
2785 10104454 15455
2786 10119909 4146
2787 10124055 3595
2788 10127650 10169
2789 10137819 1687
2790 10139506 1509
2791 10141015 5865
2792 10146880 10928
2793 10157808 5227
2794 10163035 3856
2795 10166891 2205
2796 10169096 1322
2797 10170418 680
2798 10171098 1541
2799 10172639 4647
2800 10177286 2742
2801 10180028 1960
2802 10181988 8777
2803 10190765 6259
2804 10197024 5193
2805 10202217 1980
2806 10204197 6481
2807 10210678 2977
2808 10213655 2945
2809 10216600 7501
2810 10224101 1705
2811 10225806 2048
2812 10227854 2595
2813 10230449 1708
2816 10232157 7603
2817 10239760 3384
2818 10243144 3052
2819 10246196 1907
2820 10248103 5579
2821 10253682 8178
2822 10261860 3212
2824 10265072 3663
2825 10268735 5117
2826 10273852 6925
2827 10280777 937
2828 10281714 2379
2829 10284093 4364
2830 10288457 3568
2831 10292025 2911
2832 10294936 5642
2833 10300578 5103
2834 10305681 7344
2835 10313025 1132
2836 10314157 3945
2837 10318102 1359
2839 10319461 3301
2840 10322762 4390
2841 10327152 4879
2842 10332031 2354
2843 10334385 6070
2844 10340455 2290
2845 10342745 1720
2846 10344465 15328
2848 10359793 5407
2849 10365200 1386
2850 10366586 5683
2851 10372269 1403
2852 10373672 6580
2854 10380252 4610
2855 10384862 9751
2856 10394613 1741
2857 10396354 3483
2860 10399837 3925
2861 10403762 7889
2863 10411651 3805
2864 10415456 14106
2866 10429562 4996
2867 10434558 6540
2869 10441098 4231
2873 10445329 8637
2874 10453966 4035
2875 10458001 7528
2876 10465529 38464
2878 10503993 17854
2879 10521847 5288
2880 10527135 2771
2881 10529906 10534
2882 10540440 3784
2883 10544224 4723
2884 10548947 5407
2885 10554354 4826
2886 10559180 5245
2887 10564425 6728
2888 10571153 6484
2889 10577637 4679
2890 10582316 4150
2891 10586466 8948
2892 10595414 8397
2893 10603811 5474
2894 10609285 4274
2895 10613559 7432
2896 10620991 7899
2897 10628890 5649
2899 10634539 4465
2900 10639004 4959
2908 10643963 6333
2911 10650296 3480
2916 10653776 4238
2917 10658014 8209
2918 10666223 7847
2919 10674070 7989
2920 10682059 7302
2921 10689361 1632
2922 10690993 5251
2923 10696244 16421
2924 10712665 4604
2925 10717269 9428
2926 10726697 5308
2931 10732005 5550
2938 10737555 18412
2940 10755967 5364
2941 10761331 3397
2942 10764728 11462
2943 10776190 7876
2947 10784066 2131
2948 10786197 2859
2949 10789056 3663
2951 10792719 19754
2953 10812473 4299
2954 10816772 3523
2955 10820295 12552
2956 10832847 6778
2957 10839625 25729
2958 10865354 11218
2959 10876572 7094
2961 10883666 5947
2962 10889613 6351
2963 10895964 23566
2966 10919530 5083
2967 10924613 9703
2968 10934316 1651
2969 10935967 747
2970 10936714 732
2971 10937446 2921
2972 10940367 1872
2973 10942239 2313
2974 10944552 3180
2975 10947732 2892
2976 10950624 2947
2977 10953571 3015
2978 10956586 2446
2979 10959032 2477
2980 10961509 2546
2981 10964055 859
2982 10964914 1599
2983 10966513 5838
2984 10972351 2586
2985 10974937 1286
2986 10976223 2047
2987 10978270 1575
2988 10979845 2894
2989 10982739 5810
2990 10988549 1203
2991 10989752 2830
2992 10992582 1852
2993 10994434 1245
2994 10995679 1129
2995 10996808 1786
2996 10998594 5983
2998 11004577 3448
2999 11008025 1602
3000 11009627 620
3001 11010247 2712
3002 11012959 907
3003 11013866 5768
3004 11019634 5219
3005 11024853 1621
3006 11026474 772
3008 11027246 2493
3009 11029739 5808
3010 11035547 3732
3011 11039279 3708
3012 11042987 3666
3015 11046653 3843
3018 11050496 3789
3019 11054285 3813
3021 11058098 3750
3022 11061848 3789
3027 11065637 631
3028 11066268 5796
3029 11072064 690
3030 11072754 2809
3031 11075563 2866
3032 11078429 1095
3033 11079524 1279
3034 11080803 7560
3035 11088363 1486
3036 11089849 2295
3037 11092144 2095
3038 11094239 1459
3039 11095698 974
3040 11096672 1704
3041 11098376 2623
3043 11100999 16986
3044 11117985 1550
3045 11119535 4843
3046 11124378 2112
3047 11126490 2816
3048 11129306 6249
3049 11135555 540
3050 11136095 4032
3051 11140127 2030
3052 11142157 1217
3053 11143374 4636
3054 11148010 856
3055 11148866 2120
3056 11150986 1897
3057 11152883 4162
3058 11157045 4690
3059 11161735 9208
3060 11170943 4119
3061 11175062 2706
3062 11177768 847
3063 11178615 812
3064 11179427 913
3065 11180340 1056
3066 11181396 3752
3067 11185148 1644
3070 11186792 516
3071 11187308 4142
3072 11191450 6059
3073 11197509 1739
3074 11199248 3574
3075 11202822 2452
3077 11205274 5762
3078 11211036 7747
3079 11218783 4928
3080 11223711 909
3081 11224620 1273
3082 11225893 2033
3083 11227926 4056
3084 11231982 3492
3085 11235474 598
3086 11236072 4045
3087 11240117 2898
3088 11243015 2848
3089 11245863 3493
3090 11249356 5595
3091 11254951 4634
3092 11259585 5078
3093 11264663 2706
3094 11267369 9131
3095 11276500 9369
3096 11285869 5537
3097 11291406 2025
3098 11293431 7342
3102 11300773 2579
3103 11303352 8333
3104 11311685 1309
3105 11312994 1883
3106 11314877 3083
3107 11317960 4514
3108 11322474 2022
3109 11324496 1204
3110 11325700 1222
3111 11326922 5274
3112 11332196 2783
3113 11334979 4014
3114 11338993 1140
3115 11340133 2023
3117 11342156 1340
3118 11343496 2894
3119 11346390 1587
3122 11347977 743
3123 11348720 538
3124 11349258 867
3125 11350125 677
3126 11350802 539
3128 11351341 1344
3129 11352685 3519
3130 11356204 3732
3131 11359936 516
3132 11360452 2084
3133 11362536 1338
3134 11363874 3379
3136 11367253 3261
3137 11370514 5316
3138 11375830 3012
3139 11378842 3796
3140 11382638 3274
3141 11385912 3047
3143 11388959 1943
3144 11390902 3206
3153 11394108 10038
3155 11404146 3823
3156 11407969 3440
3157 11411409 4213
3158 11415622 1521
3159 11417143 1461
3160 11418604 2356
3161 11420960 1953
3162 11422913 3099
3166 11426012 1969
3167 11427981 3131
3168 11431112 2443
3169 11433555 7748
3170 11441303 2657
3171 11443960 2016
3172 11445976 6191
3173 11452167 4235
3174 11456402 4356
3175 11460758 3784
3176 11464542 6846
3177 11471388 3598
3178 11474986 3286
3179 11478272 4614
3180 11482886 5257
3181 11488143 4439
3182 11492582 3415
3183 11495997 4119
3184 11500116 1145
3185 11501261 7930
3186 11509191 4565
3187 11513756 4381
3188 11518137 4370
3189 11522507 4084
3190 11526591 5554
3191 11532145 7776
3192 11539921 2345
3193 11542266 2131
3194 11544397 2944
3195 11547341 2940
3196 11550281 4605
3197 11554886 5415
3198 11560301 3162
3199 11563463 4086
3200 11567549 5421
3201 11572970 4676
3202 11577646 5101
3203 11582747 2488
3204 11585235 2728
3205 11587963 2968
3206 11590931 8240
3207 11599171 1234
3208 11600405 775
3210 11601180 4145
3211 11605325 3335
3212 11608660 1549
3213 11610209 9914
3214 11620123 3051
3215 11623174 8725
3216 11631899 3955
3217 11635854 5226
3218 11641080 4918
3219 11645998 8562
3220 11654560 4783
3221 11659343 3917
3222 11663260 527
3223 11663787 4682
3224 11668469 4379
3225 11672848 3807
3226 11676655 5817
3227 11682472 7210
3228 11689682 6449
3229 11696131 2571
3230 11698702 3349
3231 11702051 967
3232 11703018 22867
3233 11725885 18535
3234 11744420 2584
3235 11747004 8443
3236 11755447 1650
3237 11757097 2399
3238 11759496 7114
3239 11766610 3332
3240 11769942 10968
3241 11780910 2877
3242 11783787 3507
3243 11787294 3221
3244 11790515 4822
3245 11795337 7244
3246 11802581 6892
3247 11809473 6177
3248 11815650 1069
3249 11816719 2787
3250 11819506 3442
3251 11822948 1053
3252 11824001 2441
3253 11826442 1558
3254 11828000 6304
3255 11834304 13581
3256 11847885 2100
3257 11849985 12907
3258 11862892 6447
3259 11869339 2878
3260 11872217 5024
3261 11877241 1962
3262 11879203 9028
3263 11888231 6552
3264 11894783 2480
3265 11897263 6393
3266 11903656 6366
3267 11910022 3585
3268 11913607 6848
3269 11920455 10145
3270 11930600 2179
3271 11932779 3675
3272 11936454 2341
3273 11938795 3708
3274 11942503 2947
3275 11945450 3777
3276 11949227 1628
3277 11950855 10123
3278 11960978 2149
3279 11963127 4974
3280 11968101 2423
3281 11970524 1520
3282 11972044 7941
3283 11979985 6761
3284 11986746 4451
3285 11991197 9593
3286 12000790 6398
3287 12007188 5732
3288 12012920 2876
3289 12015796 5679
3290 12021475 10416
3291 12031891 4311
3292 12036202 6140
3293 12042342 4636
3294 12046978 2282
3295 12049260 3431
3296 12052691 8885
3297 12061576 1813
3298 12063389 5742
3299 12069131 4045
3300 12073176 4049
3301 12077225 2617
3302 12079842 376
3303 12080218 1863
3304 12082081 7377
3305 12089458 4440
3306 12093898 2437
3307 12096335 1748
3308 12098083 3089
3309 12101172 3528
3310 12104700 2796
3311 12107496 5226
3312 12112722 1182
3313 12113904 1172
3314 12115076 3119
3315 12118195 7611
3316 12125806 7642
3317 12133448 1194
3318 12134642 6031
3319 12140673 1699
3320 12142372 2336
3321 12144708 4824
3322 12149532 1731
3323 12151263 3359
3324 12154622 1934
3325 12156556 1180
3326 12157736 2644
3327 12160380 680
3328 12161060 2804
3329 12163864 5200
3331 12169064 1660
3332 12170724 2837
3333 12173561 4157
3334 12177718 1257
3335 12178975 1118
3336 12180093 1625
3337 12181718 1190
3338 12182908 1669
3339 12184577 832
3340 12185409 875
3341 12186284 3821
3342 12190105 840
3343 12190945 3118
3344 12194063 7831
3345 12201894 2550
3346 12204444 1514
3347 12205958 3164
3348 12209122 1167
3349 12210289 2703
3350 12212992 2358
3351 12215350 1355
3352 12216705 1039
3354 12217744 3073
3355 12220817 1472
3356 12222289 8322
3357 12230611 1472
3358 12232083 2062
3359 12234145 963
3360 12235108 1673
3361 12236781 1631
3362 12238412 923
3363 12239335 2433
3364 12241768 9624
3365 12251392 3958
3366 12255350 1999
3367 12257349 3120
3368 12260469 6308
3369 12266777 993
3371 12267770 947
3372 12268717 1157
3374 12269874 6310
3375 12276184 2839
3376 12279023 5068
3377 12284091 9079
3378 12293170 7364
3382 12300534 1519
3383 12302053 647
3384 12302700 3294
3386 12305994 2883
3387 12308877 2221
3388 12311098 5700
3390 12316798 4408
3391 12321206 697
3392 12321903 2563
3393 12324466 1547
3395 12326013 2521
3396 12328534 4371
3397 12332905 2920
3398 12335825 5418
3399 12341243 5853
3400 12347096 4456
3401 12351552 2763
3402 12354315 2077
3403 12356392 1079
3404 12357471 817
3405 12358288 2643
3406 12360931 5768
3408 12366699 1817
3409 12368516 1744
3411 12370260 1216
3412 12371476 2224
3413 12373700 2434
3414 12376134 1397
3415 12377531 576
3416 12378107 5004
3417 12383111 6108
3418 12389219 11610
3419 12400829 1227
3420 12402056 2352
3423 12404408 2192
3424 12406600 2816
3425 12409416 5185
3426 12414601 2440
3427 12417041 3026
3428 12420067 20051
3429 12440118 2854
3430 12442972 1622
3432 12444594 1767
3433 12446361 1469
3434 12447830 7342
3435 12455172 4596
3436 12459768 12576
3437 12472344 2412
3438 12474756 1832
3439 12476588 1455
3440 12478043 3118
3441 12481161 1383
3442 12482544 3874
3445 12486418 1346
3446 12487764 2394
3447 12490158 1969
3449 12492127 3450
3451 12495577 980
3452 12496557 7296
3453 12503853 5200
3454 12509053 6553
3455 12515606 4429
3456 12520035 3699
3457 12523734 2751
3458 12526485 30783
3459 12557268 3957
3460 12561225 5242
3461 12566467 2854
3462 12569321 1967
3464 12571288 1231
3465 12572519 2563
3466 12575082 468
3467 12575550 3152
3468 12578702 2109
3469 12580811 10155
3470 12590966 1126
3471 12592092 1344
3472 12593436 5164
3474 12598600 6630
3475 12605230 7796
3476 12613026 1418
3477 12614444 1766
3478 12616210 2240
3479 12618450 3409
3480 12621859 1854
3481 12623713 2100
3482 12625813 6018
3483 12631831 2075
3484 12633906 1458
3485 12635364 1109
3486 12636473 3173
3487 12639646 6313
3488 12645959 1960
3489 12647919 2392
3490 12650311 2609
3491 12652920 2605
3492 12655525 3599
3493 12659124 1388
3494 12660512 8468
3495 12668980 3890
3497 12672870 10382
3499 12683252 7188
3501 12690440 3366
3502 12693806 6501
3503 12700307 4379
3504 12704686 4667
3505 12709353 3000
3506 12712353 1327
3507 12713680 3066
3508 12716746 1949
3509 12718695 1670
3510 12720365 1717
3511 12722082 3352
3512 12725434 2063
3513 12727497 2127
3514 12729624 986
3515 12730610 1891
3516 12732501 3950
3517 12736451 2200
3518 12738651 5378
3519 12744029 1743
3520 12745772 1890
3521 12747662 2542
3524 12750204 2169
3525 12752373 1789
3526 12754162 2381
3528 12756543 4960
3530 12761503 13681
3532 12775184 978
3533 12776162 14453
3534 12790615 1856
3535 12792471 1592
3536 12794063 1080
3537 12795143 1482
3538 12796625 1763
3539 12798388 6062
3540 12804450 2984
3541 12807434 3067
3542 12810501 2385
3543 12812886 1957
3544 12814843 2844
3545 12817687 5393
3546 12823080 15303
3547 12838383 7217
3548 12845600 3340
3549 12848940 3232
3550 12852172 2542
3551 12854714 2934
3552 12857648 1343
3553 12858991 2295
3554 12861286 5249
3555 12866535 1607
3556 12868142 1295
3558 12869437 1986
3559 12871423 2062
3560 12873485 2601
3562 12876086 1490
3563 12877576 1486
3564 12879062 1395
3565 12880457 2479
3566 12882936 4000
3567 12886936 4002
3568 12890938 4226
3569 12895164 16828
3570 12911992 2030
3572 12914022 14232
3573 12928254 8874
3574 12937128 8059
3575 12945187 4812
3576 12949999 11361
3577 12961360 3409
3578 12964769 5008
3579 12969777 4586
3590 12974363 24360
3591 12998723 2038
3592 13000761 4973
3593 13005734 4955
3594 13010689 5058
3595 13015747 4195
3596 13019942 3992
3597 13023934 3350
3598 13027284 23988
3599 13051272 1980
3600 13053252 4697
3601 13057949 5319
3602 13063268 15739
3604 13079007 1881
3605 13080888 5112
3606 13086000 5655
3607 13091655 3244
3608 13094899 6426
3609 13101325 7349
3620 13108674 33872
3621 13142546 1962
3622 13144508 4422
3624 13148930 4168
3625 13153098 2252
3626 13155350 21313
3627 13176663 5184
3628 13181847 4757
3629 13186604 4384
3631 13190988 4537
3632 13195525 4279
3633 13199804 5613
3634 13205417 4339
3635 13209756 22399
3636 13232155 4692
3637 13236847 3926
3638 13240773 5094
3639 13245867 2131
3640 13247998 4565
3641 13252563 5388
3642 13257951 5517
3643 13263468 3123
3644 13266591 5145
3645 13271736 5606
3646 13277342 6216
3647 13283558 3478
3648 13287036 5200
3649 13292236 4750
3651 13296986 3753
3652 13300739 6853
3653 13307592 4837
3654 13312429 4475
3655 13316904 2299
3656 13319203 24892
3657 13344095 4782
3659 13348877 9455
3661 13358332 4168
3662 13362500 4336
3663 13366836 3931
3664 13370767 5929
3665 13376696 24239
3667 13400935 5157
3669 13406092 5444
3670 13411536 3962
3671 13415498 3296
3672 13418794 3837
3673 13422631 4604
3674 13427235 4897
3675 13432132 18957
3677 13451089 4721
3678 13455810 8007
3679 13463817 7916
3681 13471733 5072
3682 13476805 7532
3683 13484337 5103
3694 13489440 23731
3696 13513171 3815
3697 13516986 6736
3698 13523722 4730
3699 13528452 4941
3700 13533393 3471
3701 13536864 15529
3703 13552393 4033
3704 13556426 4083
3706 13560509 4608
3707 13565117 9041
3708 13574158 4127
3709 13578285 4523
3710 13582808 4566
3711 13587374 3024
3712 13590398 8974
3713 13599372 8216
3715 13607588 3745
3717 13611333 5174
3718 13616507 4888
3719 13621395 18934
3720 13640329 4776
3721 13645105 6381
3723 13651486 3432
3725 13654918 2808
3726 13657726 10971
3727 13668697 4478
3738 13673175 22327
3739 13695502 2529
3740 13698031 4498
3741 13702529 4366
3742 13706895 5242
3743 13712137 2587
3744 13714724 4358
3745 13719082 3705
3746 13722787 4333
3747 13727120 6219
3748 13733339 26846
3749 13760185 2522
3750 13762707 5324
3753 13768031 5147
3754 13773178 15985
3755 13789163 2164
3756 13791327 2527
3758 13793854 3172
3759 13797026 4172
3760 13801198 3596
3761 13804794 10992
3762 13815786 10439
3763 13826225 5481
3764 13831706 13105
3774 13844811 6672
3775 13851483 4936
3776 13856419 31978
3777 13888397 2259
3778 13890656 13169
3779 13903825 11045
3780 13914870 7185
3781 13922055 3639
3782 13925694 12557
3783 13938251 4442
3784 13942693 2957
3785 13945650 8457
3786 13954107 2703
3787 13956810 3285
3788 13960095 2274
3789 13962369 4420
3790 13966789 16410
3791 13983199 2330
3792 13985529 4297
3793 13989826 7292
3794 13997118 4374
3795 14001492 1987
3796 14003479 5630
3797 14009109 21780
3798 14030889 2323
3799 14033212 1948
3800 14035160 2453
3802 14037613 18591
3803 14056204 4312
3804 14060516 6581
3805 14067097 9896
3806 14076993 4696
3809 14081689 1946
3810 14083635 6774
3811 14090409 2740
3812 14093149 5068
3813 14098217 3327
3814 14101544 7204
3815 14108748 3616
3816 14112364 4909
3818 14117273 4641
3819 14121914 5714
3820 14127628 4401
3822 14132029 22528
3823 14154557 4676
3825 14159233 13558
3826 14172791 2082
3827 14174873 2085
3828 14176958 2193
3830 14179151 1744
3831 14180895 19551
3832 14200446 4527
3834 14204973 4760
3835 14209733 2722
3836 14212455 2508
3838 14214963 2996
3839 14217959 2424
3840 14220383 3019
3841 14223402 22864
3842 14246266 4550
3843 14250816 7337
3844 14258153 2294
3845 14260447 4115
3846 14264562 2025
3847 14266587 2051
3849 14268638 6177
3850 14274815 5859
3852 14280674 4747
3854 14285421 3872
3855 14289293 4835
3856 14294128 4575
3857 14298703 24632
3859 14323335 4165
3860 14327500 4165
3861 14331665 4679
3862 14336344 2681
3865 14339025 2481
3867 14341506 16760
3868 14358266 4506
3870 14362772 2129
3871 14364901 8375
3874 14373276 2849
3876 14376125 20578
3877 14396703 5453
3878 14402156 4198
3879 14406354 10152
3880 14416506 10924
3881 14427430 2334
3883 14429764 2920
3884 14432684 5247
3885 14437931 4066
3886 14441997 6626
3887 14448623 6834
3888 14455457 3495
3889 14458952 4246
3890 14463198 3202
3891 14466400 4805
3892 14471205 1983
3893 14473188 5151
3894 14478339 23885
3896 14502224 4038
3899 14506262 2466
3900 14508728 15656
3901 14524384 2307
3905 14526691 2522
3906 14529213 21515
3907 14550728 4221
3908 14554949 16524
3911 14571473 4298
3912 14575771 17145
3913 14592916 4622
3914 14597538 2146
3915 14599684 13009
3916 14612693 9780
3917 14622473 5307
3918 14627780 5612
3919 14633392 3020
3921 14636412 9046
3922 14645458 5655
3923 14651113 5178
3924 14656291 7151
3925 14663442 6887
3926 14670329 6697
3927 14677026 5219
3928 14682245 29423
3930 14711668 3984
3932 14715652 2698
3933 14718350 7648
3934 14725998 1970
3935 14727968 2348
3936 14730316 3048
3938 14733364 3090
3939 14736454 2709
3940 14739163 3863
3942 14743026 21311
3943 14764337 5732
3944 14770069 7473
3945 14777542 4207
3947 14781749 1970
3948 14783719 6256
3949 14789975 2908
3950 14792883 2534
3951 14795417 2256
3952 14797673 3114
3953 14800787 13820
3954 14814607 4279
3956 14818886 1883
3957 14820769 4530
3958 14825299 5643
3959 14830942 2321
3960 14833263 2461
3963 14835724 9129
3965 14844853 4165
3966 14849018 5305
3967 14854323 3038
3968 14857361 16004
3969 14873365 5043
3970 14878408 6042
3972 14884450 2303
3973 14886753 2725
3974 14889478 2057
3976 14891535 2509
3977 14894044 12965
3978 14907009 4782
3981 14911791 2067
3987 14913858 7419
3988 14921277 2288
3989 14923565 3191
3990 14926756 2513
3992 14929269 17451
3993 14946720 4124
3996 14950844 2361
3997 14953205 6469
3999 14959674 4652
4000 14964326 3651
4001 14967977 1909
4002 14969886 4080
4003 14973966 4523
4004 14978489 2727
4005 14981216 4395
4006 14985611 5179
4007 14990790 2198
4008 14992988 22403
4010 15015391 4001
4011 15019392 3729
4013 15023121 2806
4014 15025927 2484
4015 15028411 16994
4019 15045405 1623
4020 15047028 2560
4024 15049588 12939
4027 15062527 2149
4028 15064676 5334
4030 15070010 2498
4032 15072508 14992
4033 15087500 3761
4035 15091261 3566
4036 15094827 2513
4038 15097340 4676
4040 15102016 6720
4041 15108736 9424
4042 15118160 3601
4043 15121761 3787
4044 15125548 3962
4045 15129510 2282
4046 15131792 7711
4047 15139503 21542
4048 15161045 9807
4049 15170852 7054
4050 15177906 5194
4051 15183100 5211
4053 15188311 5959
4054 15194270 6031
4055 15200301 3604
4056 15203905 4373
4057 15208278 4775
4058 15213053 4710
4063 15217763 4707
4064 15222470 21806
4065 15244276 1473
4066 15245749 1606
4068 15247355 2812
4069 15250167 940
4070 15251107 1090
4071 15252197 15466
4072 15267663 6406
4073 15274069 13928
4074 15287997 736
4076 15288733 2051
4077 15290784 2599
4078 15293383 2778
4079 15296161 1771
4080 15297932 19950
4081 15317882 9037
4082 15326919 3571
4083 15330490 3553
4084 15334043 3394
4085 15337437 2098
4086 15339535 3340
4087 15342875 419
4088 15343294 2539
4089 15345833 2901
4092 15348734 4087
4095 15352821 921
4098 15353742 3826
4100 15357568 28527
4101 15386095 4186
4102 15390281 7370
4103 15397651 9287
4104 15406938 30154
4105 15437092 19597
4106 15456689 949
4107 15457638 611
4108 15458249 2323
4109 15460572 1613
4110 15462185 4964
4111 15467149 3314
4112 15470463 4047
4113 15474510 2499
4114 15477009 4590
4115 15481599 1143
4116 15482742 1998
4118 15484740 410
4120 15485150 2294
4121 15487444 850
4123 15488294 3522
4124 15491816 903
4125 15492719 2575
4126 15495294 3105
4127 15498399 325
4128 15498724 7189
4129 15505913 18950
4130 15524863 5685
4131 15530548 1301
4132 15531849 2178
4133 15534027 2346
4134 15536373 2607
4137 15538980 8961
4138 15547941 3628
4139 15551569 2138
4140 15553707 2349
4141 15556056 21986
4142 15578042 844
4144 15578886 1146
4145 15580032 3824
4146 15583856 1122
4147 15584978 3519
4148 15588497 3249
4149 15591746 1576
4150 15593322 1345
4151 15594667 2015
4154 15596682 1294
4155 15597976 3880
4156 15601856 527
4157 15602383 6446
4158 15608829 2562
4159 15611391 3652
4160 15615043 792
4161 15615835 1266
4162 15617101 2388
4163 15619489 663
4164 15620152 769
4165 15620921 4996
4166 15625917 2695
4167 15628612 734
4168 15629346 5935
4169 15635281 3318
4170 15638599 8927
4171 15647526 4004
4172 15651530 2034
4173 15653564 3409
4174 15656973 7562
4175 15664535 2628
4176 15667163 2721
4177 15669884 9626
4178 15679510 19234
4179 15698744 3104
4180 15701848 2745
4181 15704593 5352
4182 15709945 2250
4183 15712195 4254
4184 15716449 6574
4185 15723023 966
4186 15723989 4879
4187 15728868 8269
4188 15737137 5343
4189 15742480 6651
4190 15749131 927
4191 15750058 3782
4192 15753840 2947
4193 15756787 3583
4194 15760370 2545
4195 15762915 3704
4196 15766619 4682
4197 15771301 9598
4198 15780899 9602
4199 15790501 11511
4200 15802012 2158
4201 15804170 4791
4202 15808961 3009
4203 15811970 1651
4204 15813621 5779
4205 15819400 2034
4206 15821434 1928
4207 15823362 8366
4208 15831728 8775
4209 15840503 2760
4210 15843263 4486
4211 15847749 3147
4212 15850896 1949
4213 15852845 10617
4214 15863462 6281
4215 15869743 4893
4216 15874636 5299
4217 15879935 1326
4218 15881261 1863
4219 15883124 3608
4221 15886732 3701
4222 15890433 2537
4223 15892970 7665
4224 15900635 6986
4225 15907621 6467
4226 15914088 8772
4227 15922860 3154
4228 15926014 2816
4229 15928830 1853
4230 15930683 7048
4231 15937731 3425
4232 15941156 2656
4233 15943812 1176
4234 15944988 11606
4235 15956594 10826
4236 15967420 9870
4237 15977290 6907
4238 15984197 8862
4239 15993059 2286
4240 15995345 517
4241 15995862 2776
4242 15998638 620
4244 15999258 4291
4245 16003549 2323
4246 16005872 9163
4247 16015035 6507
4248 16021542 1570
4249 16023112 7400
4250 16030512 2739
4251 16033251 7673
4252 16040924 4476
4253 16045400 2943
4254 16048343 6305
4255 16054648 9241
4256 16063889 2976
4257 16066865 4382
4258 16071247 3900
4259 16075147 1723
4260 16076870 6509
4261 16083379 5462
4262 16088841 5225
4263 16094066 8015
4264 16102081 1848
4265 16103929 2827
4266 16106756 6676
4267 16113432 8197
4268 16121629 3686
4269 16125315 4997
4270 16130312 3484
4271 16133796 1873
4272 16135669 987
4273 16136656 1402
4274 16138058 1169
4275 16139227 2095
4276 16141322 1295
4277 16142617 1735
4278 16144352 1800
4279 16146152 2155
4280 16148307 1799
4281 16150106 7645
4282 16157751 18264
4283 16176015 3869
4284 16179884 4404
4285 16184288 3342
4286 16187630 3549
4287 16191179 10445
4288 16201624 4060
4289 16205684 1218
4290 16206902 893
4291 16207795 1502
4292 16209297 967
4293 16210264 1966
4294 16212230 4457
4295 16216687 1632
4296 16218319 6163
4297 16224482 7662
4298 16232144 1967
4299 16234111 3989
4300 16238100 2665
4301 16240765 4760
4302 16245525 8811
4303 16254336 4957
4304 16259293 7965
4305 16267258 4782
4306 16272040 10014
4307 16282054 2169
4308 16284223 1609
4309 16285832 2088
4310 16287920 1860
4311 16289780 2423
4312 16292203 2849
4313 16295052 2574
4314 16297626 13243
4315 16310869 2483
4316 16313352 2233
4318 16315585 3076
4319 16318661 1564
4320 16320225 10138
4322 16330363 4704
4323 16335067 6986
4324 16342053 3654
4325 16345707 3417
4326 16349124 2843
4327 16351967 5862
4328 16357829 3079
4329 16360908 5813
4330 16366721 4768
4331 16371489 13671
4332 16385160 3828
4333 16388988 2957
4334 16391945 1586
4335 16393531 8091
4336 16401622 5683
4337 16407305 12479
4338 16419784 3805
4339 16423589 2176
4340 16425765 5461
4341 16431226 5813
4342 16437039 7894
4343 16444933 10126
4344 16455059 3595
4345 16458654 3375
4346 16462029 2159
4348 16464188 3765
4349 16467953 2006
4350 16469959 1466
4351 16471425 7366
4352 16478791 1022
4353 16479813 944
4354 16480757 1647
4355 16482404 3251
4356 16485655 1827
4357 16487482 4036
4358 16491518 2149
4359 16493667 4004
4360 16497671 1393
4361 16499064 4905
4362 16503969 2600
4363 16506569 1750
4364 16508319 1976
4365 16510295 1486
