1 0 3674
2 3674 2002
3 5676 3217
4 8893 2860
5 11753 7553
6 19306 417
7 19723 519
8 20242 11213
9 31455 4483
10 35938 3685
11 39623 9003
12 48626 3408
13 52034 2053
14 54087 2003
15 56090 7122
16 63212 6444
17 69656 3689
18 73345 2245
19 75590 14914
20 90504 6407
21 96911 1328
22 98239 1978
23 100217 2939
24 103156 2587
25 105743 2137
26 107880 1592
27 109472 747
28 110219 1392
29 111611 739
30 112350 389
31 112739 3986
32 116725 3923
33 120648 3057
34 123705 4161
35 127866 7580
36 135446 5425
37 140871 1364
38 142235 5314
39 147549 1174
40 148723 933
41 149656 1862
42 151518 2421
43 153939 5486
44 159425 2510
45 161935 8080
46 170015 2466
47 172481 919
48 173400 849
49 174249 1641
50 175890 2241
51 178131 7276
52 185407 1640
53 187047 4761
54 191808 2455
55 194263 3635
56 197898 2687
57 200585 6944
58 207529 2306
59 209835 3018
60 212853 4595
61 217448 2526
62 219974 2885
63 222859 1910
64 224769 1278
65 226047 4733
66 230780 1638
67 232418 1012
68 233430 1604
69 235034 1804
70 236838 4606
71 241444 1677
72 243121 2694
73 245815 9326
74 255141 1882
75 257023 2632
76 259655 9068
77 268723 3549
78 272272 6145
79 278417 3372
80 281789 2958
81 284747 7865
82 292612 1738
83 294350 2205
84 296555 1651
85 298206 967
86 299173 2391
87 301564 1682
88 303246 1783
89 305029 15029
90 320058 7369
91 327427 3142
92 330569 1681
93 332250 1415
94 333665 7677
95 341342 1995
96 343337 2118
97 345455 1788
98 347243 1688
99 348931 2081
100 351012 1163
101 352175 2812
102 354987 2700
103 357687 1248
104 358935 1103
105 360038 859
106 360897 979
107 361876 994
108 362870 2357
109 365227 1740
110 366967 1149
111 368116 901
112 369017 1132
113 370149 1355
114 371504 997
115 372501 1947
116 374448 2620
117 377068 1272
118 378340 2739
119 381079 2815
120 383894 2995
121 386889 1059
122 387948 3615
123 391563 2536
124 394099 4299
125 398398 3335
126 401733 5885
127 407618 3304
128 410922 920
129 411842 2326
130 414168 4615
131 418783 2311
132 421094 799
133 421893 5809
134 427702 1232
135 428934 6020
136 434954 874
137 435828 1617
138 437445 873
139 438318 3278
140 441596 6393
141 447989 827
142 448816 3417
143 452233 4042
144 456275 1248
145 457523 1082
146 458605 1802
147 460407 1535
148 461942 2496
149 464438 2495
150 466933 1748
151 468681 1379
152 470060 2907
153 472967 2436
154 475403 1568
155 476971 1861
156 478832 1081
157 479913 952
158 480865 3360
159 484225 1958
160 486183 1929
161 488112 2223
162 490335 1954
163 492289 3111
164 495400 1791
165 497191 3188
166 500379 3790
167 504169 518
168 504687 1105
169 505792 810
170 506602 2565
171 509167 1057
172 510224 2269
173 512493 1861
174 514354 1424
175 515778 724
176 516502 1676
177 518178 2533
178 520711 1565
179 522276 2284
180 524560 2384
181 526944 2246
182 529190 1067
183 530257 2514
184 532771 1424
185 534195 4168
186 538363 2106
187 540469 1791
188 542260 2246
189 544506 4208
190 548714 539
191 549253 831
192 550084 2561
193 552645 4219
194 556864 3551
195 560415 906
196 561321 4077
197 565398 3511
198 568909 1221
199 570130 2393
200 572523 2646
201 575169 9531
202 584700 7168
203 591868 9128
204 600996 11599
205 612595 15482
206 628077 8924
207 637001 13413
208 650414 12553
209 662967 8168
210 671135 20959
211 692094 12711
212 704805 43170
213 747975 22468
214 770443 21790
215 792233 8607
216 800840 2678
217 803518 2753
218 806271 1925
219 808196 2415
220 810611 7147
221 817758 1555
222 819313 1139
223 820452 1139
224 821591 1132
225 822723 1139
226 823862 1139
227 825001 1139
228 826140 1139
229 827279 1139
230 828418 1139
231 829557 795
232 830352 1118
233 831470 8061
234 839531 5533
235 845064 1322
236 846386 2005
237 848391 4746
238 853137 6766
239 859903 8159
240 868062 3903
241 871965 5498
242 877463 1239
243 878702 8818
244 887520 6024
245 893544 2063
246 895607 4442
247 900049 1938
248 901987 9311
249 911298 2400
250 913698 1271
251 914969 2924
252 917893 2157
253 920050 3013
254 923063 946
255 924009 3776
256 927785 2594
257 930379 1515
258 931894 3403
259 935297 1657
260 936954 6361
261 943315 2467
262 945782 2153
263 947935 5062
264 952997 8546
265 961543 5183
266 966726 1096
267 967822 1308
268 969130 1471
269 970601 2470
270 973071 2362
271 975433 1822
272 977255 3498
273 980753 2422
274 983175 3924
275 987099 3747
276 990846 443
277 991289 13394
278 1004683 9611
279 1014294 2462
280 1016756 2086
281 1018842 2431
282 1021273 2657
283 1023930 6368
284 1030298 7983
285 1038281 5211
286 1043492 5931
287 1049423 4552
288 1053975 2498
289 1056473 2485
290 1058958 7397
291 1066355 8519
292 1074874 5413
293 1080287 651
294 1080938 2803
295 1083741 3254
296 1086995 1142
297 1088137 1778
298 1089915 1923
299 1091838 639
300 1092477 484
301 1092961 603
302 1093564 2575
303 1096139 2514
304 1098653 1921
305 1100574 5763
306 1106337 2034
307 1108371 3820
308 1112191 8142
309 1120333 4196
310 1124529 2384
311 1126913 1577
312 1128490 3008
313 1131498 1777
314 1133275 8315
315 1141590 1699
316 1143289 5309
317 1148598 1309
318 1149907 14584
319 1164491 1102
320 1165593 1324
321 1166917 5232
322 1172149 2506
323 1174655 3093
324 1177748 6860
325 1184608 6193
326 1190801 9166
327 1199967 11639
328 1211606 2075
329 1213681 6485
330 1220166 5766
331 1225932 9993
332 1235925 7697
333 1243622 200
334 1243822 236
335 1244058 261
336 1244319 188
337 1244507 222
338 1244729 200
339 1244929 245
340 1245174 5956
341 1251130 1229
342 1252359 4935
343 1257294 9941
344 1267235 5495
345 1272730 3030
346 1275760 1994
347 1277754 1959
348 1279713 2323
349 1282036 1825
350 1283861 1419
351 1285280 1501
352 1286781 1562
353 1288343 1638
354 1289981 3452
355 1293433 2545
356 1295978 15222
357 1311200 3289
358 1314489 7949
359 1322438 3677
360 1326115 3425
361 1329540 6142
362 1335682 2538
363 1338220 3687
364 1341907 2742
365 1344649 9334
366 1353983 1385
367 1355368 186
368 1355554 1931
369 1357485 4950
370 1362435 1402
371 1363837 1697
372 1365534 1835
373 1367369 2860
374 1370229 8142
375 1378371 7500
376 1385871 3489
377 1389360 9713
378 1399073 1645
379 1400718 953
380 1401671 1654
381 1403325 4131
382 1407456 3749
383 1411205 1024
384 1412229 15026
385 1427255 4131
386 1431386 6474
387 1437860 3481
388 1441341 3492
389 1444833 1216
390 1446049 4788
391 1450837 763
392 1451600 501
393 1452101 7776
394 1459877 2840
395 1462717 3626
396 1466343 2717
397 1469060 1214
398 1470274 994
399 1471268 2145
400 1473413 245
401 1473658 200
402 1473858 255
403 1474113 11794
404 1485907 5303
405 1491210 5880
406 1497090 1762
407 1498852 1026
408 1499878 22608
409 1522486 1512
410 1523998 6603
411 1530601 6394
412 1536995 9542
413 1546537 1635
414 1548172 3781
415 1551953 2105
416 1554058 1949
417 1556007 1559
418 1557566 2556
419 1560122 2005
420 1562127 3742
421 1565869 939
422 1566808 1206
423 1568014 1920
424 1569934 1434
425 1571368 3803
426 1575171 5701
427 1580872 2233
428 1583105 2895
429 1586000 1499
430 1587499 5746
431 1593245 2655
432 1595900 1283
433 1597183 1263
434 1598446 1333
435 1599779 7892
436 1607671 1709
437 1609380 2823
438 1612203 1237
439 1613440 1426
440 1614866 5109
441 1619975 3035
442 1623010 1295
443 1624305 2779
444 1627084 1439
445 1628523 925
446 1629448 2763
447 1632211 1493
448 1633704 906
449 1634610 2965
450 1637575 1217
451 1638792 8733
452 1647525 2604
453 1650129 1623
454 1651752 2227
455 1653979 1985
456 1655964 6230
457 1662194 2073
458 1664267 1565
459 1665832 3138
460 1668970 4045
461 1673015 2678
462 1675693 2877
463 1678570 1035
464 1679605 1417
465 1681022 5488
466 1686510 1645
467 1688155 3605
468 1691760 2065
469 1693825 5779
470 1699604 6742
471 1706346 1205
472 1707551 1487
473 1709038 355
474 1709393 2191
475 1711584 1737
476 1713321 2931
477 1716252 1217
478 1717469 1958
479 1719427 912
480 1720339 1862
481 1722201 2963
482 1725164 6865
483 1732029 2656
484 1734685 1560
485 1736245 1765
486 1738010 1694
487 1739704 957
488 1740661 8909
489 1749570 5575
490 1755145 5633
491 1760778 5454
492 1766232 6689
493 1772921 2068
494 1774989 19394
495 1794383 7657
496 1802040 1813
497 1803853 1231
498 1805084 3011
499 1808095 1849
500 1809944 2687
501 1812631 4165
502 1816796 1410
503 1818206 585
504 1818791 6544
505 1825335 2406
506 1827741 1824
507 1829565 3340
508 1832905 1884
509 1834789 13662
510 1848451 538
511 1848989 1559
512 1850548 3032
513 1853580 2369
514 1855949 2833
515 1858782 18374
516 1877156 1583
517 1878739 3064
518 1881803 1091
519 1882894 587
520 1883481 1431
521 1884912 1641
522 1886553 1576
523 1888129 8823
524 1896952 7743
525 1904695 4372
526 1909067 2936
527 1912003 619
528 1912622 7701
529 1920323 4042
530 1924365 12432
531 1936797 4907
532 1941704 2539
533 1944243 3915
534 1948158 16108
535 1964266 6269
536 1970535 2636
537 1973171 312
538 1973483 2350
539 1975833 3856
540 1979689 2805
541 1982494 13521
542 1996015 7891
543 2003906 1925
544 2005831 2796
545 2008627 1947
546 2010574 1865
547 2012439 3457
548 2015896 2232
549 2018128 3053
550 2021181 2007
551 2023188 1845
552 2025033 2207
553 2027240 2920
554 2030160 2843
555 2033003 1946
556 2034949 2231
557 2037180 2206
558 2039386 1844
559 2041230 2006
560 2043236 2597
561 2045833 3321
562 2049154 2184
563 2051338 1927
564 2053265 1790
565 2055055 2102
566 2057157 4489
567 2061646 3898
568 2065544 3788
569 2069332 3000
570 2072332 2468
571 2074800 2583
572 2077383 2348
573 2079731 2389
574 2082120 4489
575 2086609 327
576 2086936 5854
577 2092790 3898
578 2096688 3788
579 2100476 9917
580 2110393 2801
581 2113194 948
582 2114142 4440
583 2118582 7162
584 2125744 312
585 2126056 3193
586 2129249 2671
587 2131920 2395
588 2134315 2614
589 2136929 3565
590 2140494 4352
591 2144846 2607
592 2147453 4983
593 2152436 2740
594 2155176 8223
595 2163399 2755
596 2166154 6268
597 2172422 2454
598 2174876 1232
599 2176108 17777
600 2193885 9834
601 2203719 2956
602 2206675 3244
603 2209919 5877
604 2215796 3472
605 2219268 1942
606 2221210 3077
607 2224287 4488
608 2228775 4353
609 2233128 3709
610 2236837 2992
611 2239829 24473
612 2264302 11272
613 2275574 16257
614 2291831 30618
615 2322449 3782
616 2326231 3136
617 2329367 5164
618 2334531 5551
619 2340082 4683
620 2344765 5519
621 2350284 1868
622 2352152 3835
623 2355987 6046
624 2362033 2453
625 2364486 4421
626 2368907 969
627 2369876 788
628 2370664 4160
629 2374824 2650
630 2377474 2954
631 2380428 1238
632 2381666 1931
633 2383597 2307
634 2385904 2701
635 2388605 2281
636 2390886 1284
637 2392170 4668
638 2396838 4552
639 2401390 3556
640 2404946 3114
641 2408060 4094
642 2412154 4465
643 2416619 2767
644 2419386 3814
645 2423200 2306
646 2425506 1736
647 2427242 2266
648 2429508 20446
649 2449954 3287
650 2453241 4074
651 2457315 1915
652 2459230 8691
653 2467921 2662
654 2470583 5292
655 2475875 5330
656 2481205 3670
657 2484875 4148
658 2489023 5911
659 2494934 3023
660 2497957 5446
661 2503403 1735
662 2505138 2616
663 2507754 5022
664 2512776 4778
665 2517554 3307
666 2520861 5405
667 2526266 5483
668 2531749 4272
669 2536021 2531
670 2538552 4404
671 2542956 7368
672 2550324 186
673 2550510 4719
674 2555229 171
675 2555400 901
676 2556301 791
677 2557092 2230
678 2559322 1770
679 2561092 934
680 2562026 1832
681 2563858 12102
682 2575960 4423
683 2580383 1874
684 2582257 6865
685 2589122 9953
686 2599075 1113
687 2600188 9905
688 2610093 3365
689 2613458 1398
690 2614856 3506
691 2618362 5350
692 2623712 4657
693 2628369 5525
694 2633894 3446
695 2637340 1728
696 2639068 779
697 2639847 2570
698 2642417 3925
699 2646342 3518
700 2649860 5156
701 2655016 5245
702 2660261 1309
703 2661570 9336
704 2670906 3278
705 2674184 592
706 2674776 1540
707 2676316 3299
708 2679615 1870
709 2681485 3258
710 2684743 5077
711 2689820 2097
712 2691917 5814
713 2697731 2298
714 2700029 4207
715 2704236 4905
716 2709141 8505
717 2717646 4225
718 2721871 3226
719 2725097 12788
720 2737885 4551
721 2742436 2371
722 2744807 2423
723 2747230 660
724 2747890 1359
725 2749249 10028
726 2759277 21658
727 2780935 869
728 2781804 3514
729 2785318 3835
730 2789153 1418
731 2790571 1063
732 2791634 5714
733 2797348 1208
734 2798556 910
735 2799466 10821
736 2810287 1356
737 2811643 17603
738 2829246 9472
739 2838718 2844
740 2841562 3971
741 2845533 1356
742 2846889 4582
743 2851471 5956
744 2857427 1059
745 2858486 877
746 2859363 2296
747 2861659 8165
748 2869824 3248
749 2873072 1841
750 2874913 529
751 2875442 1548
752 2876990 2266
753 2879256 3808
754 2883064 5933
755 2888997 1330
756 2890327 3168
757 2893495 1236
758 2894731 1310
759 2896041 1098
760 2897139 5536
761 2902675 930
762 2903605 4363
763 2907968 342
764 2908310 8874
765 2917184 3590
766 2920774 1600
767 2922374 1338
768 2923712 6354
769 2930066 4039
770 2934105 1245
771 2935350 2930
772 2938280 2656
773 2940936 1773
774 2942709 4090
775 2946799 12815
776 2959614 1474
777 2961088 4003
778 2965091 3579
779 2968670 1364
780 2970034 1087
781 2971121 3958
782 2975079 6871
783 2981950 12871
784 2994821 1578
785 2996399 1511
786 2997910 1448
787 2999358 2419
788 3001777 2150
789 3003927 1746
790 3005673 1763
791 3007436 1154
792 3008590 1635
793 3010225 803
794 3011028 7019
795 3018047 8089
796 3026136 1476
797 3027612 1082
798 3028694 4666
799 3033360 2421
800 3035781 1164
801 3036945 6432
802 3043377 1764
803 3045141 7510
804 3052651 2158
805 3054809 6386
806 3061195 3990
807 3065185 1390
808 3066575 8330
809 3074905 6855
810 3081760 9480
811 3091240 3623
812 3094863 2222
813 3097085 3388
814 3100473 4710
815 3105183 1672
816 3106855 7379
817 3114234 1293
818 3115527 1072
819 3116599 9039
820 3125638 11193
821 3136831 9211
822 3146042 15940
823 3161982 8712
824 3170694 8401
825 3179095 7335
826 3186430 11220
827 3197650 19464
828 3217114 13529
829 3230643 5470
830 3236113 488
831 3236601 827
832 3237428 3191
833 3240619 7330
834 3247949 535
835 3248484 1530
836 3250014 3455
837 3253469 2096
838 3255565 9144
839 3264709 8005
840 3272714 8559
841 3281273 4681
842 3285954 2681
843 3288635 4076
844 3292711 5069
845 3297780 7132
846 3304912 3400
847 3308312 2827
848 3311139 674
849 3311813 1047
850 3312860 1631
851 3314491 6647
852 3321138 1342
853 3322480 11408
854 3333888 6323
855 3340211 4418
856 3344629 25725
857 3370354 3741
858 3374095 5133
859 3379228 8372
860 3387600 9750
861 3397350 4621
862 3401971 6353
863 3408324 9579
864 3417903 12767
865 3430670 4664
866 3435334 10929
867 3446263 6255
868 3452518 5101
869 3457619 1750
870 3459369 3808
871 3463177 4761
872 3467938 3701
873 3471639 10687
874 3482326 9866
875 3492192 6797
876 3498989 6060
877 3505049 6563
878 3511612 5786
879 3517398 4080
880 3521478 3898
881 3525376 3487
882 3528863 3837
883 3532700 3326
884 3536026 12234
885 3548260 12824
886 3561084 4223
887 3565307 2855
888 3568162 5563
889 3573725 15874
890 3589599 4278
891 3593877 715
892 3594592 1199
893 3595791 4393
894 3600184 4370
895 3604554 2085
896 3606639 12994
897 3619633 6699
898 3626332 8804
899 3635136 7720
900 3642856 10675
901 3653531 214
902 3653745 6968
903 3660713 8936
904 3669649 2337
905 3671986 8143
906 3680129 8273
907 3688402 3891
908 3692293 5739
909 3698032 10239
910 3708271 2543
911 3710814 13677
912 3724491 4672
913 3729163 523
914 3729686 1531
915 3731217 3081
916 3734298 1302
917 3735600 5499
918 3741099 1248
919 3742347 1962
920 3744309 2668
921 3746977 2416
922 3749393 1214
923 3750607 1138
924 3751745 6803
925 3758548 3172
926 3761720 2602
927 3764322 5236
928 3769558 1924
929 3771482 2574
930 3774056 4768
931 3778824 4723
932 3783547 4485
933 3788032 3094
934 3791126 7676
935 3798802 5797
936 3804599 3524
937 3808123 3341
938 3811464 2372
939 3813836 3492
940 3817328 2182
941 3819510 2047
942 3821557 9155
943 3830712 5401
944 3836113 7494
945 3843607 5417
946 3849024 4844
947 3853868 8223
948 3862091 11909
949 3874000 6317
950 3880317 1447
951 3881764 1872
952 3883636 983
953 3884619 5313
954 3889932 2967
955 3892899 685
956 3893584 4205
957 3897789 830
958 3898619 3163
959 3901782 748
960 3902530 935
961 3903465 4243
962 3907708 3685
963 3911393 1290
964 3912683 1822
965 3914505 1163
966 3915668 1651
967 3917319 893
968 3918212 2512
969 3920724 4385
970 3925109 4684
971 3929793 1116
972 3930909 2246
973 3933155 964
974 3934119 1975
975 3936094 904
976 3936998 1203
977 3938201 1493
978 3939694 567
979 3940261 3973
980 3944234 1457
981 3945691 4816
982 3950507 2488
983 3952995 2076
984 3955071 2498
985 3957569 2246
986 3959815 3489
987 3963304 1679
988 3964983 1133
989 3966116 2612
990 3968728 2033
991 3970761 1898
992 3972659 4292
993 3976951 14534
994 3991485 2119
995 3993604 6563
996 4000167 13698
997 4013865 9052
998 4022917 3708
999 4026625 4608
1000 4031233 3643
1001 4034876 5661
1002 4040537 1698
1003 4042235 9089
1004 4051324 3990
1005 4055314 1898
1006 4057212 9748
1007 4066960 6465
1008 4073425 2456
1009 4075881 4516
1010 4080397 7535
1011 4087932 2092
1012 4090024 3694
1013 4093718 4307
1014 4098025 1095
1015 4099120 2220
1016 4101340 188
1017 4101528 188
1018 4101716 209
1019 4101925 200
1020 4102125 173
1021 4102298 214
1022 4102512 213
1023 4102725 213
1024 4102938 212
1025 4103150 215
1026 4103365 206
1027 4103571 188
1028 4103759 171
1029 4103930 176
1030 4104106 198
1031 4104304 195
1032 4104499 217
1033 4104716 192
1034 4104908 173
1035 4105081 179
1036 4105260 194
1037 4105454 188
1038 4105642 208
1039 4105850 209
1040 4106059 213
1041 4106272 209
1042 4106481 173
1043 4106654 201
1044 4106855 215
1045 4107070 195
1046 4107265 213
1047 4107478 188
1048 4107666 207
1049 4107873 212
1050 4108085 209
1051 4108294 216
1052 4108510 192
1053 4108702 219
1054 4108921 211
1055 4109132 214
1056 4109346 215
1057 4109561 209
1058 4109770 207
1059 4109977 202
1060 4110179 194
1061 4110373 179
1062 4110552 214
1063 4110766 206
1064 4110972 182
1065 4111154 167
1066 4111321 5120
1067 4116441 7818
1068 4124259 5307
1069 4129566 10982
1070 4140548 1832
1071 4142380 7252
1072 4149632 3679
1073 4153311 7908
1074 4161219 481
1075 4161700 5221
1076 4166921 2502
1077 4169423 3089
1078 4172512 3877
1079 4176389 755
1080 4177144 875
1081 4178019 5661
1082 4183680 1487
1083 4185167 2139
1084 4187306 2617
1085 4189923 3662
1086 4193585 3265
1087 4196850 2086
1088 4198936 4834
1089 4203770 10106
1090 4213876 591
1091 4214467 3159
1092 4217626 3453
1093 4221079 5310
1094 4226389 3762
1095 4230151 6234
1096 4236385 9832
1097 4246217 2079
1098 4248296 1634
1099 4249930 3123
1100 4253053 5570
1101 4258623 3665
1102 4262288 1985
1103 4264273 4389
1104 4268662 1368
1105 4270030 9437
1106 4279467 4568
1107 4284035 2580
1108 4286615 3570
1109 4290185 1781
1110 4291966 1486
1111 4293452 1502
1112 4294954 4709
1113 4299663 2892
1114 4302555 8538
1115 4311093 7762
1116 4318855 5298
1117 4324153 3040
1118 4327193 7131
1119 4334324 1202
1120 4335526 2801
1121 4338327 2585
1122 4340912 1948
1123 4342860 2315
1124 4345175 530
1125 4345705 5868
1126 4351573 521
1127 4352094 2073
1128 4354167 6610
1129 4360777 5869
1130 4366646 2517
1131 4369163 3072
1132 4372235 8925
1133 4381160 3611
1134 4384771 3886
1135 4388657 3036
1136 4391693 8931
1137 4400624 4017
1138 4404641 3376
1139 4408017 3619
1140 4411636 1473
1141 4413109 4474
1142 4417583 1025
1143 4418608 1777
1144 4420385 5584
1145 4425969 2094
1146 4428063 1797
1147 4429860 15810
1148 4445670 5909
1149 4451579 2256
1150 4453835 2620
1151 4456455 5391
1152 4461846 3919
1153 4465765 13719
1154 4479484 3822
1155 4483306 1851
1156 4485157 3620
1157 4488777 6552
1158 4495329 2961
1159 4498290 554
1160 4498844 4674
1161 4503518 4539
1162 4508057 2707
1163 4510764 4726
1164 4515490 2158
1165 4517648 741
1166 4518389 5610
1167 4523999 2552
1168 4526551 8538
1169 4535089 7349
1170 4542438 2418
1171 4544856 1465
1172 4546321 1645
1173 4547966 2677
1174 4550643 2581
1175 4553224 2255
1176 4555479 3067
1177 4558546 2072
1178 4560618 2989
1179 4563607 6902
1180 4570509 6356
1181 4576865 6840
1182 4583705 6716
1183 4590421 3945
1184 4594366 8053
1185 4602419 7733
1186 4610152 3121
1187 4613273 1803
1188 4615076 2983
1189 4618059 1613
1190 4619672 3027
1191 4622699 3440
1192 4626139 1861
1193 4628000 1530
1194 4629530 4764
1195 4634294 1746
1196 4636040 1524
1197 4637564 2467
1198 4640031 3618
1199 4643649 2067
1200 4645716 1462
1201 4647178 2811
1202 4649989 7788
1203 4657777 3331
1204 4661108 3615
1205 4664723 8869
1206 4673592 3734
1207 4677326 2819
1208 4680145 2199
1209 4682344 3565
1210 4685909 3492
1211 4689401 2074
1212 4691475 1590
1213 4693065 1798
1214 4694863 6349
1215 4701212 3197
1216 4704409 2238
1217 4706647 1862
1218 4708509 3419
1219 4711928 5501
1220 4717429 2005
1221 4719434 4133
1222 4723567 2716
1223 4726283 3754
1224 4730037 1750
1225 4731787 1539
1226 4733326 1540
1227 4734866 1622
1228 4736488 3634
1229 4740122 2730
1230 4742852 3961
1231 4746813 2375
1232 4749188 2394
1233 4751582 2580
1234 4754162 2374
1235 4756536 2507
1236 4759043 22613
1237 4781656 3207
1238 4784863 3601
1239 4788464 6306
1240 4794770 3088
1241 4797858 3297
1242 4801155 3409
1243 4804564 5209
1244 4809773 1609
1245 4811382 2589
1246 4813971 3414
1247 4817385 2450
1248 4819835 1080
1249 4820915 2360
1250 4823275 5075
1251 4828350 4212
1252 4832562 3013
1253 4835575 3771
1254 4839346 2637
1255 4841983 5412
1256 4847395 2525
1257 4849920 3768
1258 4853688 1098
1259 4854786 5275
1260 4860061 1442
1261 4861503 1215
1262 4862718 2043
1263 4864761 7420
1264 4872181 3324
1265 4875505 2535
1266 4878040 210
1267 4878250 172
1268 4878422 200
1269 4878622 172
1270 4878794 4110
1271 4882904 5735
1272 4888639 9711
1273 4898350 7144
1274 4905494 8118
1275 4913612 17860
1276 4931472 185
1277 4931657 15539
1278 4947196 7366
1279 4954562 12332
1280 4966894 226
1281 4967120 172
1282 4967292 3893
1283 4971185 166
1284 4971351 33338
1285 5004689 2393
1286 5007082 2275
1287 5009357 4719
1288 5014076 3568
1289 5017644 2513
1290 5020157 4066
1291 5024223 2476
1292 5026699 6067
1293 5032766 8302
1294 5041068 187
1295 5041255 5881
1296 5047136 5662
1297 5052798 7370
1298 5060168 175
1299 5060343 15603
1300 5075946 215
1301 5076161 7266
1302 5083427 216
1303 5083643 10297
1304 5093940 358
1305 5094298 187
1306 5094485 12097
1307 5106582 6812
1308 5113394 16837
1309 5130231 4192
1310 5134423 5530
1311 5139953 3433
1312 5143386 4263
1313 5147649 4044
1314 5151693 6573
1315 5158266 3809
1316 5162075 5535
1317 5167610 3428
1318 5171038 4508
1319 5175546 212
1320 5175758 2825
1321 5178583 8735
1322 5187318 4105
1323 5191423 6033
1324 5197456 9701
1325 5207157 7217
1326 5214374 8098
1327 5222472 23974
1328 5246446 216
1329 5246662 15975
1330 5262637 7386
1331 5270023 206
1332 5270229 5819
1333 5276048 5555
1334 5281603 7396
1335 5288999 221
1336 5289220 10302
1337 5299522 174
1338 5299696 11976
1339 5311672 7369
1340 5319041 174
1341 5319215 192
1342 5319407 185
1343 5319592 212
1344 5319804 3707
1345 5323511 5155
1346 5328666 9722
1347 5338388 7105
1348 5345493 7609
1349 5353102 16614
1350 5369716 217
1351 5369933 15889
1352 5385822 7366
1353 5393188 203
1354 5393391 282
1355 5393673 305
1356 5393978 186
1357 5394164 5759
1358 5399923 5694
1359 5405617 212
1360 5405829 276
1361 5406105 298
1362 5406403 1722
1363 5408125 174
1364 5408299 263
1365 5408562 7369
1366 5415931 194
1367 5416125 10067
1368 5426192 237
1369 5426429 55257
1370 5481686 10319
1371 5492005 5394
1372 5497399 8825
1373 5506224 7574
1374 5513798 6428
1375 5520226 183
1376 5520409 16262
1377 5536671 6982
1378 5543653 214
1379 5543867 196
1380 5544063 5399
1381 5549462 5280
1382 5554742 6832
1383 5561574 206
1384 5561780 6835
1385 5568615 188
1386 5568803 9579
1387 5578382 192
1388 5578574 11760
1389 5590334 6812
1390 5597146 5296
1391 5602442 6569
1392 5609011 3912
1393 5612923 6292
1394 5619215 4982
1395 5624197 6871
1396 5631068 4197
1397 5635265 8184
1398 5643449 5009
1399 5648458 4513
1400 5652971 17207
1401 5670178 200
1402 5670378 3155
1403 5673533 7955
1404 5681488 3773
1405 5685261 5406
1406 5690667 10434
1407 5701101 7480
1408 5708581 8213
1409 5716794 24578
1410 5741372 187
1411 5741559 15447
1412 5757006 6823
1413 5763829 194
1414 5764023 5423
1415 5769446 5141
1416 5774587 3464
1417 5778051 6818
1418 5784869 3478
1419 5788347 2941
1420 5791288 3616
1421 5794904 216
1422 5795120 10149
1423 5805269 15072
1424 5820341 172
1425 5820513 11807
1426 5832320 6811
1427 5839131 13915
1428 5853046 14225
1429 5867271 173
1430 5867444 4923
1431 5872367 211
1432 5872578 185
1433 5872763 191
1434 5872954 185
1435 5873139 3689
1436 5876828 5250
1437 5882078 10023
1438 5892101 7498
1439 5899599 8261
1440 5907860 16760
1441 5924620 186
1442 5924806 15457
1443 5940263 6811
1444 5947074 173
1445 5947247 5477
1446 5952724 188
1447 5952912 5441
1448 5958353 5172
1449 5963525 6802
1450 5970327 216
1451 5970543 9888
1452 5980431 184
1453 5980615 11749
1454 5992364 6804
1455 5999168 211
1456 5999379 185
1457 5999564 166
1458 5999730 185
1459 5999915 3745
1460 6003660 5244
1461 6008904 10004
1462 6018908 7452
1463 6026360 8275
1464 6034635 16997
1465 6051632 186
1466 6051818 15487
1467 6067305 6809
1468 6074114 209
1469 6074323 5540
1470 6079863 5236
1471 6085099 6811
1472 6091910 278
1473 6092188 9389
1474 6101577 173
1475 6101750 16162
1476 6117912 213
1477 6118125 6798
1478 6124923 166
1479 6125089 11745
1480 6136834 6788
1481 6143622 188
1482 6143810 206
1483 6144016 188
1484 6144204 200
1485 6144404 188
1486 6144592 182
1487 6144774 188
1488 6144962 185
1489 6145147 200
1490 6145347 194
1491 6145541 17186
1492 6162727 185
1493 6162912 15537
1494 6178449 215
1495 6178664 3384
1496 6182048 8052
1497 6190100 3647
1498 6193747 5434
1499 6199181 10012
1500 6209193 7462
1501 6216655 8291
1502 6224946 23504
1503 6248450 183
1504 6248633 5534
1505 6254167 5217
1506 6259384 6785
1507 6266169 6872
1508 6273041 215
1509 6273256 9189
1510 6282445 11925
1511 6294370 193
1512 6294563 187
1513 6294750 167
1514 6294917 11758
1515 6306675 6802
1516 6313477 194
1517 6313671 166
1518 6313837 185
1519 6314022 210
1520 6314232 3635
1521 6317867 5298
1522 6323165 10002
1523 6333167 7427
1524 6340594 8208
1525 6348802 17480
1526 6366282 179
1527 6366461 15526
1528 6381987 6776
1529 6388763 199
1530 6388962 5568
1531 6394530 5132
1532 6399662 6768
1533 6406430 225
1534 6406655 9284
1535 6415939 206
1536 6416145 8884
1537 6425029 173
1538 6425202 11784
1539 6436986 6779
1540 6443765 171
1541 6443936 3104
1542 6447040 192
1543 6447232 178
1544 6447410 160
1545 6447570 210
1546 6447780 3653
1547 6451433 5476
1548 6456909 10009
1549 6466918 7392
1550 6474310 8210
1551 6482520 16985
1552 6499505 6765
1553 6506270 185
1554 6506455 15525
1555 6521980 9151
1556 6531131 225
1557 6531356 205
1558 6531561 5553
1559 6537114 5223
1560 6542337 196
1561 6542533 187
1562 6542720 6776
1563 6549496 183
1564 6549679 16308
1565 6565987 213
1566 6566200 6779
1567 6572979 233
1568 6573212 9398
1569 6582610 187
1570 6582797 207
1571 6583004 11810
1572 6594814 6787
1573 6601601 5855
1574 6607456 6200
1575 6613656 3856
1576 6617512 7649
1577 6625161 4698
1578 6629859 4466
1579 6634325 3594
1580 6637919 7391
1581 6645310 5044
1582 6650354 5052
1583 6655406 17225
1584 6672631 212
1585 6672843 3404
1586 6676247 8015
1587 6684262 3843
1588 6688105 5674
1589 6693779 10004
1590 6703783 7478
1591 6711261 8270
1592 6719531 24416
1593 6743947 173
1594 6744120 15528
1595 6759648 190
1596 6759838 5869
1597 6765707 10560
1598 6776267 188
1599 6776455 7071
1600 6783526 193
1601 6783719 5545
1602 6789264 5186
1603 6794450 3618
1604 6798068 6802
1605 6804870 215
1606 6805085 9826
1607 6814911 173
1608 6815084 11834
1609 6826918 6810
1610 6833728 234
1611 6833962 160
1612 6834122 224
1613 6834346 160
1614 6834506 3588
1615 6838094 5490
1616 6843584 10037
1617 6853621 7512
1618 6861133 8214
1619 6869347 17409
1620 6886756 185
1621 6886941 15613
1622 6902554 6803
1623 6909357 191
1624 6909548 199
1625 6909747 5620
1626 6915367 5301
1627 6920668 6866
1628 6927534 252
1629 6927786 175
1630 6927961 178
1631 6928139 203
1632 6928342 9140
1633 6937482 173
1634 6937655 11901
1635 6949556 6874
1636 6956430 220
1637 6956650 227
1638 6956877 4220
1639 6961097 179
1640 6961276 15592
1641 6976868 160
1642 6977028 187
1643 6977215 167
1644 6977382 197
1645 6977579 6071
1646 6983650 5740
1647 6989390 10623
1648 7000013 210
1649 7000223 3542
1650 7003765 5488
1651 7009253 10043
1652 7019296 7512
1653 7026808 8228
1654 7035036 16724
1655 7051760 7118
1656 7058878 187
1657 7059065 5598
1658 7064663 5247
1659 7069910 7134
1660 7077044 244
1661 7077288 17142
1662 7094430 14757
1663 7109187 196
1664 7109383 3283
1665 7112666 237
1666 7112903 6508
1667 7119411 215
1668 7119626 9996
1669 7129622 173
1670 7129795 11892
1671 7141687 182
1672 7141869 7102
1673 7148971 184
1674 7149155 5717
1675 7154872 4322
1676 7159194 3301
1677 7162495 6036
1678 7168531 4818
1679 7173349 4289
1680 7177638 3944
1681 7181582 5469
1682 7187051 4747
1683 7191798 5736
1684 7197534 16705
1685 7214239 212
1686 7214451 8042
1687 7222493 2754
1688 7225247 3307
1689 7228554 5724
1690 7234278 10055
1691 7244333 7525
1692 7251858 8377
1693 7260235 22527
1694 7282762 186
1695 7282948 15549
1696 7298497 7131
1697 7305628 187
1698 7305815 5550
1699 7311365 5103
1700 7316468 7141
1701 7323609 236
1702 7323845 235
1703 7324080 10246
1704 7334326 192
1705 7334518 11713
1706 7346231 7050
1707 7353281 15191
1708 7368472 209
1709 7368681 212
1710 7368893 224
1711 7369117 218
1712 7369335 212
1713 7369547 2505
1714 7372052 4764
1715 7376816 9196
1716 7386012 6861
1717 7392873 7694
1718 7400567 16148
1719 7416715 192
1720 7416907 15441
1721 7432348 7057
1722 7439405 3039
1723 7442444 202
1724 7442646 5418
1725 7448064 5263
1726 7453327 7102
1727 7460429 202
1728 7460631 185
1729 7460816 263
1730 7461079 9491
1731 7470570 207
1732 7470777 56617
1733 7527394 7095
1734 7534489 198
1735 7534687 15597
1736 7550284 225
1737 7550509 5739
1738 7556248 7134
1739 7563382 181
1740 7563563 4962
1741 7568525 4948
1742 7573473 7126
1743 7580599 195
1744 7580794 13057
1745 7593851 232
1746 7594083 10283
1747 7604366 186
1748 7604552 3473
1749 7608025 7097
1750 7615122 190
1751 7615312 196
1752 7615508 184
1753 7615692 229
1754 7615921 3187
1755 7619108 6793
1756 7625901 3345
1757 7629246 4772
1758 7634018 5707
1759 7639725 7571
1760 7647296 7816
1761 7655112 5360
1762 7660472 7453
1763 7667925 4468
1764 7672393 3517
1765 7675910 4445
1766 7680355 8052
1767 7688407 11512
1768 7699919 2038
1769 7701957 3593
1770 7705550 5153
1771 7710703 5321
1772 7716024 5140
1773 7721164 6307
1774 7727471 1027
1775 7728498 7164
1776 7735662 2933
1777 7738595 9494
1778 7748089 4206
1779 7752295 6398
1780 7758693 2877
1781 7761570 1592
1782 7763162 2908
1783 7766070 3388
1784 7769458 1764
1785 7771222 5526
1786 7776748 9025
1787 7785773 183
1788 7785956 2284
1789 7788240 8392
1790 7796632 6779
1791 7803411 6438
1792 7809849 3678
1793 7813527 3371
1794 7816898 2877
1795 7819775 3404
1796 7823179 466
1797 7823645 2159
1798 7825804 3910
1799 7829714 3602
1800 7833316 2901
1801 7836217 3564
1802 7839781 2687
1803 7842468 6543
1804 7849011 9389
1805 7858400 8406
1806 7866806 10492
1807 7877298 9659
1808 7886957 10242
1809 7897199 7927
1810 7905126 5445
1811 7910571 6217
1812 7916788 7467
1813 7924255 3529
1814 7927784 3973
1815 7931757 2362
1816 7934119 1549
1817 7935668 1646
1818 7937314 3139
1819 7940453 3502
1820 7943955 7571
1821 7951526 6327
1822 7957853 5908
1823 7963761 3557
1824 7967318 4583
1825 7971901 3472
1826 7975373 11564
1827 7986937 5118
1828 7992055 6622
1829 7998677 4787
1830 8003464 1065
1831 8004529 4137
1832 8008666 3646
1833 8012312 3428
1834 8015740 4296
1835 8020036 4894
1836 8024930 4546
1837 8029476 7972
1838 8037448 2237
1839 8039685 5517
1840 8045202 4367
1841 8049569 6495
1842 8056064 4767
1843 8060831 2150
1844 8062981 2135
1845 8065116 1486
1846 8066602 3304
1847 8069906 4579
1848 8074485 4126
1849 8078611 6214
1850 8084825 8547
1851 8093372 1847
1852 8095219 5755
1853 8100974 7250
1854 8108224 1277
1855 8109501 3407
1856 8112908 4092
1857 8117000 1624
1858 8118624 7216
1859 8125840 2746
1860 8128586 10101
1861 8138687 4279
1862 8142966 5781
1863 8148747 808
1864 8149555 3739
1865 8153294 1969
1866 8155263 3231
1867 8158494 3733
1868 8162227 4242
1869 8166469 3602
1870 8170071 14588
1871 8184659 3048
1872 8187707 4813
1873 8192520 4099
1874 8196619 2620
1875 8199239 2721
1876 8201960 3569
1877 8205529 3468
1878 8208997 19802
1879 8228799 4005
1880 8232804 1259
1881 8234063 4171
1882 8238234 3672
1883 8241906 5342
1884 8247248 4315
1885 8251563 3790
1886 8255353 4366
1887 8259719 3066
1888 8262785 1688
1889 8264473 4301
1890 8268774 3742
1891 8272516 3177
1892 8275693 3993
1893 8279686 4159
1894 8283845 3542
1895 8287387 3649
1896 8291036 3805
1897 8294841 4000
1898 8298841 3470
1899 8302311 4316
1900 8306627 10497
1901 8317124 3769
1902 8320893 4725
1903 8325618 3509
1904 8329127 4027
1905 8333154 4782
1906 8337936 4191
1907 8342127 3957
1908 8346084 3484
1909 8349568 2851
1910 8352419 3089
1911 8355508 3130
1912 8358638 4058
1913 8362696 3264
1914 8365960 19340
1915 8385300 4352
1916 8389652 3400
1917 8393052 1554
1918 8394606 3452
1919 8398058 3514
1920 8401572 19527
1921 8421099 4679
1922 8425778 1516
1923 8427294 3419
1924 8430713 4854
1925 8435567 4152
1926 8439719 3348
1927 8443067 1232
1928 8444299 3459
1929 8447758 5451
1930 8453209 3781
1931 8456990 5071
1932 8462061 3176
1933 8465237 3285
1934 8468522 3636
1935 8472158 3727
1936 8475885 3480
1937 8479365 2734
1938 8482099 3235
1939 8485334 3645
1940 8488979 3192
1941 8492171 3545
1942 8495716 18925
1943 8514641 4507
1944 8519148 3779
1945 8522927 3616
1946 8526543 1594
1947 8528137 4326
1948 8532463 1239
1949 8533702 933
1950 8534635 2956
1951 8537591 4064
1952 8541655 3539
1953 8545194 2847
1954 8548041 3527
1955 8551568 2610
1956 8554178 1111
1957 8555289 4219
1958 8559508 19791
1959 8579299 3821
1960 8583120 4819
1961 8587939 3329
1962 8591268 4804
1963 8596072 3310
1964 8599382 3267
1965 8602649 3643
1966 8606292 4321
1967 8610613 5457
1968 8616070 3017
1969 8619087 2753
1970 8621840 3742
1971 8625582 2128
1972 8627710 4011
1973 8631721 13089
1974 8644810 2517
1975 8647327 1922
1976 8649249 3620
1977 8652869 3868
1978 8656737 3875
1979 8660612 1903
1980 8662515 5433
1981 8667948 6861
1982 8674809 2514
1983 8677323 4584
1984 8681907 6954
1985 8688861 1511
1986 8690372 2476
1987 8692848 2678
1988 8695526 807
1989 8696333 5355
1990 8701688 268
1991 8701956 846
1992 8702802 3568
1993 8706370 5931
1994 8712301 1246
1995 8713547 1391
1996 8714938 3677
1997 8718615 4596
1998 8723211 2392
1999 8725603 2209
2000 8727812 3780
2001 8731592 4074
2002 8735666 942
2003 8736608 2943
2004 8739551 1150
2005 8740701 1792
2006 8742493 2011
2007 8744504 3128
2008 8747632 7138
2009 8754770 8587
2010 8763357 3972
2011 8767329 3990
2012 8771319 4630
2013 8775949 3917
2014 8779866 4644
2015 8784510 1171
2016 8785681 4230
2017 8789911 2722
2018 8792633 1730
2019 8794363 1092
2020 8795455 4054
2021 8799509 3876
2022 8803385 2896
2023 8806281 1304
2024 8807585 3173
2025 8810758 7705
2026 8818463 19011
2027 8837474 2211
2028 8839685 3789
2029 8843474 1661
2030 8845135 4250
2031 8849385 5124
2032 8854509 8868
2033 8863377 3146
2034 8866523 13390
2035 8879913 3743
2036 8883656 197
2037 8883853 6366
2038 8890219 8690
2039 8898909 5762
2040 8904671 2172
2041 8906843 4979
2042 8911822 1228
2043 8913050 3878
2044 8916928 6348
2045 8923276 1672
2046 8924948 3454
2047 8928402 2820
2048 8931222 6306
2049 8937528 5409
2050 8942937 1801
2051 8944738 6740
2052 8951478 3672
2053 8955150 10448
2054 8965598 6994
2055 8972592 4577
2056 8977169 3539
2057 8980708 6441
2058 8987149 9626
2059 8996775 1602
2060 8998377 2791
2061 9001168 2415
2062 9003583 4558
2063 9008141 8705
2064 9016846 1590
2065 9018436 4813
2066 9023249 2139
2067 9025388 1004
2068 9026392 5416
2069 9031808 1969
2070 9033777 1501
2071 9035278 1854
2072 9037132 1171
2073 9038303 1178
2074 9039481 6909
2075 9046390 3754
2076 9050144 1023
2077 9051167 2470
2078 9053637 2228
2079 9055865 3224
2080 9059089 2585
2081 9061674 29862
2082 9091536 1097
2083 9092633 1746
2084 9094379 5102
2085 9099481 1252
2086 9100733 1650
2087 9102383 1731
2088 9104114 2416
2089 9106530 1678
2090 9108208 1583
2091 9109791 2631
2092 9112422 3221
2093 9115643 4642
2094 9120285 1784
2095 9122069 957
2096 9123026 1495
2097 9124521 2053
2098 9126574 1528
2099 9128102 1799
2100 9129901 1289
2101 9131190 1905
2102 9133095 1624
2103 9134719 860
2104 9135579 2718
2105 9138297 1873
2106 9140170 6118
2107 9146288 2735
2108 9149023 1403
2109 9150426 1206
2110 9151632 2688
2111 9154320 1457
2112 9155777 2315
2113 9158092 1468
2114 9159560 1340
2115 9160900 2191
2116 9163091 1522
2117 9164613 1715
2118 9166328 5225
2119 9171553 2594
2120 9174147 5584
2121 9179731 1676
2122 9181407 1304
2123 9182711 2976
2124 9185687 1603
2125 9187290 2787
2126 9190077 1296
2127 9191373 864
2128 9192237 1606
2129 9193843 3995
2130 9197838 3236
2131 9201074 2993
2132 9204067 3365
2133 9207432 2712
2134 9210144 1409
2135 9211553 1373
2136 9212926 888
2137 9213814 2167
2138 9215981 1630
2139 9217611 1094
2140 9218705 3321
2141 9222026 3195
2142 9225221 3786
2143 9229007 1762
2144 9230769 4880
2145 9235649 3860
2146 9239509 1770
2147 9241279 1785
2148 9243064 973
2149 9244037 1274
2150 9245311 989
2151 9246300 1166
2152 9247466 5064
2153 9252530 2280
2154 9254810 1855
2155 9256665 1133
2156 9257798 1296
2157 9259094 1240
2158 9260334 4177
2159 9264511 1507
2160 9266018 2688
2161 9268706 2141
2162 9270847 1102
2163 9271949 1837
2164 9273786 4995
2165 9278781 2337
2166 9281118 748
2167 9281866 3227
2168 9285093 755
2169 9285848 6210
2170 9292058 6350
2171 9298408 5734
2172 9304142 10696
2173 9314838 3798
2174 9318636 1551
2175 9320187 2141
2176 9322328 9548
2177 9331876 4295
2178 9336171 6381
2179 9342552 3039
2180 9345591 6094
2181 9351685 6075
2182 9357760 1689
2183 9359449 6476
2184 9365925 3280
2185 9369205 6686
2186 9375891 8997
2187 9384888 1392
2188 9386280 2915
2189 9389195 1769
2190 9390964 3342
2191 9394306 5996
2192 9400302 6787
2193 9407089 6307
2194 9413396 6430
2195 9419826 9640
2196 9429466 9746
2197 9439212 1186
2198 9440398 718
2199 9441116 1152
2200 9442268 3802
2201 9446070 673
2202 9446743 5516
2203 9452259 1391
2204 9453650 2781
2205 9456431 2310
2206 9458741 5533
2207 9464274 12223
2208 9476497 2578
2209 9479075 26091
2210 9505166 3716
2211 9508882 4040
2212 9512922 12436
2213 9525358 4407
2214 9529765 3877
2215 9533642 14657
2216 9548299 12279
2217 9560578 3681
2218 9564259 1606
2219 9565865 9107
2220 9574972 1799
2221 9576771 689
2222 9577460 3237
2223 9580697 2848
2224 9583545 5825
2225 9589370 9588
2226 9598958 4037
2227 9602995 1140
2228 9604135 1753
2229 9605888 5506
2230 9611394 4603
2231 9615997 4534
2232 9620531 4400
2233 9624931 1848
2234 9626779 4352
2235 9631131 3668
2236 9634799 6170
2237 9640969 4197
2238 9645166 1101
2239 9646267 731
2240 9646998 8850
2241 9655848 3959
2242 9659807 7013
2243 9666820 1518
2244 9668338 2470
2245 9670808 1083
2246 9671891 1017
2247 9672908 1007
2248 9673915 5316
2249 9679231 10941
2250 9690172 742
2251 9690914 662
2252 9691576 4014
2253 9695590 10047
2254 9705637 1303
2255 9706940 3116
2256 9710056 840
2257 9710896 688
2258 9711584 619
2259 9712203 979
2260 9713182 719
2261 9713901 1734
2262 9715635 12305
2263 9727940 4333
2264 9732273 11198
2265 9743471 3617
2266 9747088 1479
2267 9748567 3261
2268 9751828 1206
2269 9753034 1779
2270 9754813 4534
2271 9759347 1084
2272 9760431 4207
2273 9764638 1825
2274 9766463 2144
2275 9768607 218
2276 9768825 4943
2277 9773768 2615
2278 9776383 2600
2279 9778983 366
2280 9779349 1527
2281 9780876 1502
2282 9782378 2186
2283 9784564 1494
2284 9786058 1083
2285 9787141 2664
2286 9789805 1018
2287 9790823 334
2288 9791157 4571
2289 9795728 1285
2290 9797013 895
2291 9797908 3905
2292 9801813 1341
2293 9803154 3120
2294 9806274 2617
2295 9808891 541
2296 9809432 1290
2297 9810722 1240
2298 9811962 2498
2299 9814460 1198
2300 9815658 8125
2301 9823783 594
2302 9824377 1337
2303 9825714 7421
2304 9833135 3875
2305 9837010 3722
2306 9840732 3474
2307 9844206 7016
2308 9851222 4929
2309 9856151 1667
2310 9857818 1601
2311 9859419 2037
2312 9861456 1343
2313 9862799 511
2314 9863310 1355
2315 9864665 2295
2316 9866960 4480
2317 9871440 1540
2318 9872980 11529
2319 9884509 2055
2320 9886564 820
2321 9887384 923
2322 9888307 1064
2323 9889371 1824
2324 9891195 718
2325 9891913 11546
2326 9903459 1783
2327 9905242 2957
2328 9908199 3731
2329 9911930 951
2330 9912881 2207
2331 9915088 1230
2332 9916318 4754
2333 9921072 315
2334 9921387 7038
2335 9928425 1044
2336 9929469 1782
2337 9931251 2565
2338 9933816 1487
2339 9935303 1249
2340 9936552 6644
2341 9943196 3546
2342 9946742 1013
2343 9947755 3541
2344 9951296 1659
2345 9952955 3002
2346 9955957 1326
2347 9957283 515
2348 9957798 782
2349 9958580 4843
2350 9963423 1240
2351 9964663 6453
2352 9971116 2698
2353 9973814 448
2354 9974262 4238
2355 9978500 525
2356 9979025 1486
2357 9980511 2123
2358 9982634 2790
2359 9985424 3169
2360 9988593 1376
2361 9989969 1533
2362 9991502 1136
2363 9992638 1451
2364 9994089 2350
2365 9996439 594
2366 9997033 9623
2367 10006656 2024
2368 10008680 1858
2369 10010538 2650
2370 10013188 3191
2371 10016379 9547
2372 10025926 3464
2373 10029390 8362
2374 10037752 2144
2375 10039896 1734
2376 10041630 1059
2377 10042689 1468
2378 10044157 1064
2379 10045221 1373
2380 10046594 5346
2381 10051940 4992
2382 10056932 2159
2383 10059091 1746
2384 10060837 4018
2385 10064855 2327
2386 10067182 2263
2387 10069445 7682
2388 10077127 1327
2389 10078454 1486
2390 10079940 4279
2391 10084219 1272
2392 10085491 1238
2393 10086729 1416
2394 10088145 1693
2395 10089838 5176
2396 10095014 2527
2397 10097541 1378
2398 10098919 3182
2399 10102101 10862
2400 10112963 3840
2401 10116803 9546
2402 10126349 3796
2403 10130145 1539
2404 10131684 2111
2405 10133795 7014
2406 10140809 1867
2407 10142676 7295
2408 10149971 3337
2409 10153308 1921
2410 10155229 12849
2411 10168078 5243
2412 10173321 4671
2413 10177992 1382
2414 10179374 2478
2415 10181852 2323
2416 10184175 2156
2417 10186331 3616
2418 10189947 1390
2419 10191337 11053
2420 10202390 1174
2421 10203564 679
2422 10204243 4745
2423 10208988 2045
2424 10211033 1300
2425 10212333 908
2426 10213241 7391
2427 10220632 3111
2428 10223743 1899
2429 10225642 2881
2430 10228523 977
2431 10229500 1320
2432 10230820 1361
2433 10232181 532
2434 10232713 3973
2435 10236686 4615
2436 10241301 4948
2437 10246249 3244
2438 10249493 2204
2439 10251697 865
2440 10252562 793
2441 10253355 1250
2442 10254605 5676
2443 10260281 1592
2444 10261873 773
2445 10262646 1685
2446 10264331 12960
2447 10277291 561
2448 10277852 1845
2449 10279697 2475
2450 10282172 2324
2451 10284496 2690
2452 10287186 1654
2453 10288840 625
2454 10289465 2164
2455 10291629 2199
2456 10293828 2202
2457 10296030 2328
2458 10298358 2137
2459 10300495 487
2460 10300982 2431
2461 10303413 1239
2462 10304652 3100
2463 10307752 1563
2464 10309315 713
2465 10310028 1049
2466 10311077 3335
2467 10314412 3684
2468 10318096 6347
2469 10324443 1488
2470 10325931 2681
2471 10328612 2094
2472 10330706 3106
2473 10333812 1604
2474 10335416 8505
2475 10343921 3497
2476 10347418 3387
2477 10350805 1366
2478 10352171 7908
2479 10360079 8185
2480 10368264 8616
2481 10376880 5677
2482 10382557 7393
2483 10389950 7057
2484 10397007 5496
2485 10402503 1795
2486 10404298 6415
2487 10410713 9039
2488 10419752 3868
2489 10423620 4598
2490 10428218 2728
2491 10430946 2402
2492 10433348 3866
2493 10437214 4814
2494 10442028 4256
2495 10446284 3252
2496 10449536 7040
2497 10456576 8538
2498 10465114 8473
2499 10473587 2801
2500 10476388 649
2501 10477037 4194
2502 10481231 8140
2503 10489371 8304
2504 10497675 5412
2505 10503087 2417
2506 10505504 7585
2507 10513089 6646
2508 10519735 3455
2509 10523190 2890
2510 10526080 1059
2511 10527139 3057
2512 10530196 10603
2513 10540799 7550
2514 10548349 7604
2515 10555953 1044
2516 10556997 2972
2517 10559969 1797
2518 10561766 8030
2519 10569796 6928
2520 10576724 4065
2521 10580789 1035
2522 10581824 9562
2523 10591386 9618
2524 10601004 2699
2525 10603703 3797
2526 10607500 5679
2527 10613179 14756
2528 10627935 3048
2529 10630983 4451
2530 10635434 7875
2531 10643309 6482
2532 10649791 2510
2533 10652301 3853
2534 10656154 3796
2535 10659950 1862
2536 10661812 3389
2537 10665201 5053
2538 10670254 2243
2539 10672497 1109
2540 10673606 1366
2541 10674972 3998
2542 10678970 988
2543 10679958 3481
2544 10683439 3293
2545 10686732 3678
2546 10690410 3279
2547 10693689 2467
2548 10696156 989
2549 10697145 1258
2550 10698403 8054
2551 10706457 6989
2552 10713446 4476
2553 10717922 7281
2554 10725203 995
2555 10726198 3322
2556 10729520 9053
2557 10738573 2145
2558 10740718 6283
2559 10747001 6277
2560 10753278 1145
2561 10754423 816
2562 10755239 6803
2563 10762042 3584
2564 10765626 2683
2565 10768309 1026
2566 10769335 3757
2567 10773092 2427
2568 10775519 2052
2569 10777571 2521
2570 10780092 3445
2571 10783537 2472
2572 10786009 2526
2573 10788535 20195
2574 10808730 8415
2575 10817145 4388
2576 10821533 4493
2577 10826026 4162
2578 10830188 1552
2579 10831740 4504
2580 10836244 1382
2581 10837626 1200
2582 10838826 1498
2583 10840324 7445
2584 10847769 2198
2585 10849967 18044
2586 10868011 8897
2587 10876908 5694
2588 10882602 4043
2589 10886645 3567
2590 10890212 2064
2591 10892276 16391
2592 10908667 4478
2593 10913145 1166
2594 10914311 1939
2595 10916250 1367
2596 10917617 8194
2597 10925811 5190
2598 10931001 6863
2599 10937864 1853
2600 10939717 8151
2601 10947868 7548
2602 10955416 8491
2603 10963907 4970
2604 10968877 6714
2605 10975591 15110
2606 10990701 7560
2607 10998261 5100
2608 11003361 1389
2609 11004750 1590
2610 11006340 2172
2611 11008512 1366
2612 11009878 833
2613 11010711 6368
2614 11017079 2145
2615 11019224 8247
2616 11027471 4242
2617 11031713 1888
2618 11033601 5256
2619 11038857 5489
2620 11044346 9135
2621 11053481 4711
2622 11058192 9544
2623 11067736 3791
2624 11071527 1093
2625 11072620 1445
2626 11074065 1374
2627 11075439 9097
2628 11084536 315
2629 11084851 1746
2630 11086597 785
2631 11087382 1460
2632 11088842 12526
2633 11101368 8052
2634 11109420 4097
2635 11113517 5020
2636 11118537 4451
2637 11122988 8902
2638 11131890 2237
2639 11134127 5383
2640 11139510 2945
2641 11142455 3123
2642 11145578 1691
2643 11147269 8110
2644 11155379 3708
2645 11159087 14190
2646 11173277 3302
2647 11176579 3896
2648 11180475 4331
2649 11184806 11611
2650 11196417 949
2651 11197366 7979
2652 11205345 6246
2653 11211591 798
2654 11212389 5669
2655 11218058 15711
2656 11233769 930
2657 11234699 6054
2658 11240753 692
2659 11241445 5252
2660 11246697 7924
2661 11254621 1453
2662 11256074 4368
2663 11260442 717
2664 11261159 8894
2665 11270053 1371
2666 11271424 1036
2667 11272460 1093
2668 11273553 6671
2669 11280224 2162
2670 11282386 1937
2671 11284323 6671
2672 11290994 6198
2673 11297192 3615
2674 11300807 634
2675 11301441 1840
2676 11303281 3082
2677 11306363 1237
2678 11307600 2302
2679 11309902 1118
2680 11311020 3482
2681 11314502 4106
2682 11318608 4323
2683 11322931 6277
2684 11329208 3755
2685 11332963 717
2686 11333680 4278
2687 11337958 4082
2688 11342040 544
2689 11342584 1004
2690 11343588 1594
2691 11345182 3659
2692 11348841 3589
2693 11352430 4801
2694 11357231 2700
2695 11359931 2082
2696 11362013 3134
2697 11365147 809
2698 11365956 7153
2699 11373109 954
2700 11374063 3150
2701 11377213 2388
2702 11379601 2684
2703 11382285 3416
2704 11385701 2554
2705 11388255 4033
2706 11392288 2046
2707 11394334 1864
2708 11396198 4433
2709 11400631 1429
2710 11402060 4412
2711 11406472 3884
2712 11410356 5674
2713 11416030 6658
2714 11422688 4519
2715 11427207 1802
2716 11429009 1273
2717 11430282 2845
2718 11433127 6432
2719 11439559 2541
2720 11442100 3449
2721 11445549 2712
2722 11448261 2264
2723 11450525 10467
2724 11460992 773
2725 11461765 9089
2726 11470854 6796
2727 11477650 2210
2728 11479860 2524
2729 11482384 2397
2730 11484781 2371
2731 11487152 1351
2732 11488503 1139
2733 11489642 2949
2734 11492591 10143
2735 11502734 1283
2736 11504017 3969
2737 11507986 1119
2738 11509105 464
2739 11509569 10763
2740 11520332 1840
2741 11522172 3361
2742 11525533 3338
2743 11528871 3574
2744 11532445 9679
2745 11542124 2190
2746 11544314 1117
2747 11545431 783
2748 11546214 1053
2749 11547267 1836
2750 11549103 8502
2751 11557605 3450
2752 11561055 6333
2753 11567388 4808
2754 11572196 5602
2755 11577798 1712
2756 11579510 5358
2757 11584868 1696
2758 11586564 1721
2759 11588285 6813
2760 11595098 2768
2761 11597866 1502
2762 11599368 2071
2763 11601439 2584
2764 11604023 2582
2765 11606605 3762
2766 11610367 787
2767 11611154 1098
2768 11612252 2940
2769 11615192 4408
2770 11619600 9689
2771 11629289 2202
2772 11631491 3166
2773 11634657 2107
2774 11636764 2285
2775 11639049 26917
2776 11665966 1901
2777 11667867 1781
2778 11669648 5355
2779 11675003 5455
2780 11680458 2507
2781 11682965 3407
2782 11686372 4788
2783 11691160 3739
2784 11694899 3380
2785 11698279 15455
2786 11713734 4146
2787 11717880 3595
2788 11721475 10169
2789 11731644 1687
2790 11733331 1509
2791 11734840 5865
2792 11740705 10928
2793 11751633 5227
2794 11756860 3856
2795 11760716 2205
2796 11762921 1322
2797 11764243 680
2798 11764923 1541
2799 11766464 4647
2800 11771111 2742
2801 11773853 1960
2802 11775813 8777
2803 11784590 6259
2804 11790849 5193
2805 11796042 1980
2806 11798022 6481
2807 11804503 2977
2808 11807480 2945
2809 11810425 7501
2810 11817926 1705
2811 11819631 2048
2812 11821679 2595
2813 11824274 1708
2814 11825982 1616
2815 11827598 10878
2816 11838476 7603
2817 11846079 3384
2818 11849463 3052
2819 11852515 1907
2820 11854422 5579
2821 11860001 8178
2822 11868179 3212
2823 11871391 590
2824 11871981 3663
2825 11875644 5117
2826 11880761 6925
2827 11887686 937
2828 11888623 2379
2829 11891002 4364
2830 11895366 3568
2831 11898934 2911
2832 11901845 5642
2833 11907487 5103
2834 11912590 7344
2835 11919934 1132
2836 11921066 3945
2837 11925011 1359
2838 11926370 7363
2839 11933733 3301
2840 11937034 4390
2841 11941424 4879
2842 11946303 2354
2843 11948657 6070
2844 11954727 2290
2845 11957017 1720
2846 11958737 15328
2847 11974065 9312
2848 11983377 5407
2849 11988784 1386
2850 11990170 5683
2851 11995853 1403
2852 11997256 6580
2853 12003836 4649
2854 12008485 4610
2855 12013095 9751
2856 12022846 1741
2857 12024587 3483
2858 12028070 15718
2859 12043788 9612
2860 12053400 3925
2861 12057325 7889
2862 12065214 13793
2863 12079007 3805
2864 12082812 14106
2865 12096918 5414
2866 12102332 4996
2867 12107328 6540
2868 12113868 4713
2869 12118581 4231
2870 12122812 3602
2871 12126414 3048
2872 12129462 4099
2873 12133561 8637
2874 12142198 4035
2875 12146233 7528
2876 12153761 38464
2877 12192225 5428
2878 12197653 17854
2879 12215507 5288
2880 12220795 2771
2881 12223566 10534
2882 12234100 3784
2883 12237884 4723
2884 12242607 5407
2885 12248014 4826
2886 12252840 5245
2887 12258085 6728
2888 12264813 6484
2889 12271297 4679
2890 12275976 4150
2891 12280126 8948
2892 12289074 8397
2893 12297471 5474
2894 12302945 4274
2895 12307219 7432
2896 12314651 7899
2897 12322550 5649
2898 12328199 5355
2899 12333554 4465
2900 12338019 4959
2901 12342978 4315
2902 12347293 4366
2903 12351659 5342
2904 12357001 1260
2905 12358261 4009
2906 12362270 19839
2907 12382109 3710
2908 12385819 6333
2909 12392152 4674
2910 12396826 2814
2911 12399640 3480
2912 12403120 3911
2913 12407031 3467
2914 12410498 4275
2915 12414773 11906
2916 12426679 4238
2917 12430917 8209
2918 12439126 7847
2919 12446973 7989
2920 12454962 7302
2921 12462264 1632
2922 12463896 5251
2923 12469147 16421
2924 12485568 4604
2925 12490172 9428
2926 12499600 5308
2927 12504908 4196
2928 12509104 4786
2929 12513890 4031
2930 12517921 10497
2931 12528418 5550
2932 12533968 4111
2933 12538079 3139
2934 12541218 3745
2935 12544963 3915
2936 12548878 3312
2937 12552190 3417
2938 12555607 18412
2939 12574019 4802
2940 12578821 5364
2941 12584185 3397
2942 12587582 11462
2943 12599044 7876
2944 12606920 19527
2945 12626447 5455
2946 12631902 1233
2947 12633135 2131
2948 12635266 2859
2949 12638125 3663
2950 12641788 19340
2951 12661128 19754
2952 12680882 4352
2953 12685234 4299
2954 12689533 3523
2955 12693056 12552
2956 12705608 6778
2957 12712386 25729
2958 12738115 11218
2959 12749333 7094
2960 12756427 1554
2961 12757981 5947
2962 12763928 6351
2963 12770279 23566
2964 12793845 1570
2965 12795415 2811
2966 12798226 5083
2967 12803309 9703
2968 12813012 1651
2969 12814663 747
2970 12815410 732
2971 12816142 2921
2972 12819063 1872
2973 12820935 2313
2974 12823248 3180
2975 12826428 2892
2976 12829320 2947
2977 12832267 3015
2978 12835282 2446
2979 12837728 2477
2980 12840205 2546
2981 12842751 859
2982 12843610 1599
2983 12845209 5838
2984 12851047 2586
2985 12853633 1286
2986 12854919 2047
2987 12856966 1575
2988 12858541 2894
2989 12861435 5810
2990 12867245 1203
2991 12868448 2830
2992 12871278 1852
2993 12873130 1245
2994 12874375 1129
2995 12875504 1786
2996 12877290 5983
2997 12883273 1804
2998 12885077 3448
2999 12888525 1602
3000 12890127 620
3001 12890747 2712
3002 12893459 907
3003 12894366 5768
3004 12900134 5219
3005 12905353 1621
3006 12906974 772
3007 12907746 801
3008 12908547 2493
3009 12911040 5808
3010 12916848 3732
3011 12920580 3708
3012 12924288 3666
3013 12927954 3761
3014 12931715 3815
3015 12935530 3843
3016 12939373 4047
3017 12943420 3864
3018 12947284 3789
3019 12951073 3813
3020 12954886 3831
3021 12958717 3750
3022 12962467 3789
3023 12966256 3807
3024 12970063 3802
3025 12973865 3849
3026 12977714 3689
3027 12981403 631
3028 12982034 5796
3029 12987830 690
3030 12988520 2809
3031 12991329 2866
3032 12994195 1095
3033 12995290 1279
3034 12996569 7560
3035 13004129 1486
3036 13005615 2295
3037 13007910 2095
3038 13010005 1459
3039 13011464 974
3040 13012438 1704
3041 13014142 2623
3042 13016765 1913
3043 13018678 16986
3044 13035664 1550
3045 13037214 4843
3046 13042057 2112
3047 13044169 2816
3048 13046985 6249
3049 13053234 540
3050 13053774 4032
3051 13057806 2030
3052 13059836 1217
3053 13061053 4636
3054 13065689 856
3055 13066545 2120
3056 13068665 1897
3057 13070562 4162
3058 13074724 4690
3059 13079414 9208
3060 13088622 4119
3061 13092741 2706
3062 13095447 847
3063 13096294 812
3064 13097106 913
3065 13098019 1056
3066 13099075 3752
3067 13102827 1644
3068 13104471 2696
3069 13107167 2679
3070 13109846 516
3071 13110362 4142
3072 13114504 6059
3073 13120563 1739
3074 13122302 3574
3075 13125876 2452
3076 13128328 6010
3077 13134338 5762
3078 13140100 7747
3079 13147847 4928
3080 13152775 909
3081 13153684 1273
3082 13154957 2033
3083 13156990 4056
3084 13161046 3492
3085 13164538 598
3086 13165136 4045
3087 13169181 2898
3088 13172079 2848
3089 13174927 3493
3090 13178420 5595
3091 13184015 4634
3092 13188649 5078
3093 13193727 2706
3094 13196433 9131
3095 13205564 9369
3096 13214933 5537
3097 13220470 2025
3098 13222495 7342
3099 13229837 1993
3100 13231830 3483
3101 13235313 3730
3102 13239043 2579
3103 13241622 8333
3104 13249955 1309
3105 13251264 1883
3106 13253147 3083
3107 13256230 4514
3108 13260744 2022
3109 13262766 1204
3110 13263970 1222
3111 13265192 5274
3112 13270466 2783
3113 13273249 4014
3114 13277263 1140
3115 13278403 2023
3116 13280426 2147
3117 13282573 1340
3118 13283913 2894
3119 13286807 1587
3120 13288394 7327
3121 13295721 5304
3122 13301025 743
3123 13301768 538
3124 13302306 867
3125 13303173 677
3126 13303850 539
3127 13304389 575
3128 13304964 1344
3129 13306308 3519
3130 13309827 3732
3131 13313559 516
3132 13314075 2084
3133 13316159 1338
3134 13317497 3379
3135 13320876 6237
3136 13327113 3261
3137 13330374 5316
3138 13335690 3012
3139 13338702 3796
3140 13342498 3274
3141 13345772 3047
3142 13348819 2109
3143 13350928 1943
3144 13352871 3206
3145 13356077 3785
3146 13359862 217
3147 13360079 1941
3148 13362020 2174
3149 13364194 3805
3150 13367999 3795
3151 13371794 3622
3152 13375416 11087
3153 13386503 10038
3154 13396541 2055
3155 13398596 3823
3156 13402419 3440
3157 13405859 4213
3158 13410072 1521
3159 13411593 1461
3160 13413054 2356
3161 13415410 1953
3162 13417363 3099
3163 13420462 2761
3164 13423223 1921
3165 13425144 2389
3166 13427533 1969
3167 13429502 3131
3168 13432633 2443
3169 13435076 7748
3170 13442824 2657
3171 13445481 2016
3172 13447497 6191
3173 13453688 4235
3174 13457923 4356
3175 13462279 3784
3176 13466063 6846
3177 13472909 3598
3178 13476507 3286
3179 13479793 4614
3180 13484407 5257
3181 13489664 4439
3182 13494103 3415
3183 13497518 4119
3184 13501637 1145
3185 13502782 7930
3186 13510712 4565
3187 13515277 4381
3188 13519658 4370
3189 13524028 4084
3190 13528112 5554
3191 13533666 7776
3192 13541442 2345
3193 13543787 2131
3194 13545918 2944
3195 13548862 2940
3196 13551802 4605
3197 13556407 5415
3198 13561822 3162
3199 13564984 4086
3200 13569070 5421
3201 13574491 4676
3202 13579167 5101
3203 13584268 2488
3204 13586756 2728
3205 13589484 2968
3206 13592452 8240
3207 13600692 1234
3208 13601926 775
3209 13602701 197
3210 13602898 4145
3211 13607043 3335
3212 13610378 1549
3213 13611927 9914
3214 13621841 3051
3215 13624892 8725
3216 13633617 3955
3217 13637572 5226
3218 13642798 4918
3219 13647716 8562
3220 13656278 4783
3221 13661061 3917
3222 13664978 527
3223 13665505 4682
3224 13670187 4379
3225 13674566 3807
3226 13678373 5817
3227 13684190 7210
3228 13691400 6449
3229 13697849 2571
3230 13700420 3349
3231 13703769 967
3232 13704736 22867
3233 13727603 18535
3234 13746138 2584
3235 13748722 8443
3236 13757165 1650
3237 13758815 2399
3238 13761214 7114
3239 13768328 3332
3240 13771660 10968
3241 13782628 2877
3242 13785505 3507
3243 13789012 3221
3244 13792233 4822
3245 13797055 7244
3246 13804299 6892
3247 13811191 6177
3248 13817368 1069
3249 13818437 2787
3250 13821224 3442
3251 13824666 1053
3252 13825719 2441
3253 13828160 1558
3254 13829718 6304
3255 13836022 13581
3256 13849603 2100
3257 13851703 12907
3258 13864610 6447
3259 13871057 2878
3260 13873935 5024
3261 13878959 1962
3262 13880921 9028
3263 13889949 6552
3264 13896501 2480
3265 13898981 6393
3266 13905374 6366
3267 13911740 3585
3268 13915325 6848
3269 13922173 10145
3270 13932318 2179
3271 13934497 3675
3272 13938172 2341
3273 13940513 3708
3274 13944221 2947
3275 13947168 3777
3276 13950945 1628
3277 13952573 10123
3278 13962696 2149
3279 13964845 4974
3280 13969819 2423
3281 13972242 1520
3282 13973762 7941
3283 13981703 6761
3284 13988464 4451
3285 13992915 9593
3286 14002508 6398
3287 14008906 5732
3288 14014638 2876
3289 14017514 5679
3290 14023193 10416
3291 14033609 4311
3292 14037920 6140
3293 14044060 4636
3294 14048696 2282
3295 14050978 3431
3296 14054409 8885
3297 14063294 1813
3298 14065107 5742
3299 14070849 4045
3300 14074894 4049
3301 14078943 2617
3302 14081560 376
3303 14081936 1863
3304 14083799 7377
3305 14091176 4440
3306 14095616 2437
3307 14098053 1748
3308 14099801 3089
3309 14102890 3528
3310 14106418 2796
3311 14109214 5226
3312 14114440 1182
3313 14115622 1172
3314 14116794 3119
3315 14119913 7611
3316 14127524 7642
3317 14135166 1194
3318 14136360 6031
3319 14142391 1699
3320 14144090 2336
3321 14146426 4824
3322 14151250 1731
3323 14152981 3359
3324 14156340 1934
3325 14158274 1180
3326 14159454 2644
3327 14162098 680
3328 14162778 2804
3329 14165582 5200
3330 14170782 198
3331 14170980 1660
3332 14172640 2837
3333 14175477 4157
3334 14179634 1257
3335 14180891 1118
3336 14182009 1625
3337 14183634 1190
3338 14184824 1669
3339 14186493 832
3340 14187325 875
3341 14188200 3821
3342 14192021 840
3343 14192861 3118
3344 14195979 7831
3345 14203810 2550
3346 14206360 1514
3347 14207874 3164
3348 14211038 1167
3349 14212205 2703
3350 14214908 2358
3351 14217266 1355
3352 14218621 1039
3353 14219660 3677
3354 14223337 3073
3355 14226410 1472
3356 14227882 8322
3357 14236204 1472
3358 14237676 2062
3359 14239738 963
3360 14240701 1673
3361 14242374 1631
3362 14244005 923
3363 14244928 2433
3364 14247361 9624
3365 14256985 3958
3366 14260943 1999
3367 14262942 3120
3368 14266062 6308
3369 14272370 993
3370 14273363 6650
3371 14280013 947
3372 14280960 1157
3373 14282117 797
3374 14282914 6310
3375 14289224 2839
3376 14292063 5068
3377 14297131 9079
3378 14306210 7364
3379 14313574 1841
3380 14315415 5500
3381 14320915 3609
3382 14324524 1519
3383 14326043 647
3384 14326690 3294
3385 14329984 9102
3386 14339086 2883
3387 14341969 2221
3388 14344190 5700
3389 14349890 1310
3390 14351200 4408
3391 14355608 697
3392 14356305 2563
3393 14358868 1547
3394 14360415 1144
3395 14361559 2521
3396 14364080 4371
3397 14368451 2920
3398 14371371 5418
3399 14376789 5853
3400 14382642 4456
3401 14387098 2763
3402 14389861 2077
3403 14391938 1079
3404 14393017 817
3405 14393834 2643
3406 14396477 5768
3407 14402245 957
3408 14403202 1817
3409 14405019 1744
3410 14406763 7481
3411 14414244 1216
3412 14415460 2224
3413 14417684 2434
3414 14420118 1397
3415 14421515 576
3416 14422091 5004
3417 14427095 6108
3418 14433203 11610
3419 14444813 1227
3420 14446040 2352
3421 14448392 1039
3422 14449431 1274
3423 14450705 2192
3424 14452897 2816
3425 14455713 5185
3426 14460898 2440
3427 14463338 3026
3428 14466364 20051
3429 14486415 2854
3430 14489269 1622
3431 14490891 2255
3432 14493146 1767
3433 14494913 1469
3434 14496382 7342
3435 14503724 4596
3436 14508320 12576
3437 14520896 2412
3438 14523308 1832
3439 14525140 1455
3440 14526595 3118
3441 14529713 1383
3442 14531096 3874
3443 14534970 1113
3444 14536083 1140
3445 14537223 1346
3446 14538569 2394
3447 14540963 1969
3448 14542932 2370
3449 14545302 3450
3450 14548752 207
3451 14548959 980
3452 14549939 7296
3453 14557235 5200
3454 14562435 6553
3455 14568988 4429
3456 14573417 3699
3457 14577116 2751
3458 14579867 30783
3459 14610650 3957
3460 14614607 5242
3461 14619849 2854
3462 14622703 1967
3463 14624670 4728
3464 14629398 1231
3465 14630629 2563
3466 14633192 468
3467 14633660 3152
3468 14636812 2109
3469 14638921 10155
3470 14649076 1126
3471 14650202 1344
3472 14651546 5164
3473 14656710 2531
3474 14659241 6630
3475 14665871 7796
3476 14673667 1418
3477 14675085 1766
3478 14676851 2240
3479 14679091 3409
3480 14682500 1854
3481 14684354 2100
3482 14686454 6018
3483 14692472 2075
3484 14694547 1458
3485 14696005 1109
3486 14697114 3173
3487 14700287 6313
3488 14706600 1960
3489 14708560 2392
3490 14710952 2609
3491 14713561 2605
3492 14716166 3599
3493 14719765 1388
3494 14721153 8468
3495 14729621 3890
3496 14733511 1464
3497 14734975 10382
3498 14745357 4095
3499 14749452 7188
3500 14756640 9993
3501 14766633 3366
3502 14769999 6501
3503 14776500 4379
3504 14780879 4667
3505 14785546 3000
3506 14788546 1327
3507 14789873 3066
3508 14792939 1949
3509 14794888 1670
3510 14796558 1717
3511 14798275 3352
3512 14801627 2063
3513 14803690 2127
3514 14805817 986
3515 14806803 1891
3516 14808694 3950
3517 14812644 2200
3518 14814844 5378
3519 14820222 1743
3520 14821965 1890
3521 14823855 2542
3522 14826397 2192
3523 14828589 2375
3524 14830964 2169
3525 14833133 1789
3526 14834922 2381
3527 14837303 6006
3528 14843309 4960
3529 14848269 1635
3530 14849904 13681
3531 14863585 5359
3532 14868944 978
3533 14869922 14453
3534 14884375 1856
3535 14886231 1592
3536 14887823 1080
3537 14888903 1482
3538 14890385 1763
3539 14892148 6062
3540 14898210 2984
3541 14901194 3067
3542 14904261 2385
3543 14906646 1957
3544 14908603 2844
3545 14911447 5393
3546 14916840 15303
3547 14932143 7217
3548 14939360 3340
3549 14942700 3232
3550 14945932 2542
3551 14948474 2934
3552 14951408 1343
3553 14952751 2295
3554 14955046 5249
3555 14960295 1607
3556 14961902 1295
3557 14963197 1702
3558 14964899 1986
3559 14966885 2062
3560 14968947 2601
3561 14971548 2026
3562 14973574 1490
3563 14975064 1486
3564 14976550 1395
3565 14977945 2479
3566 14980424 4000
3567 14984424 4002
3568 14988426 4226
3569 14992652 16828
3570 15009480 2030
3571 15011510 12332
3572 15023842 14232
3573 15038074 8874
3574 15046948 8059
3575 15055007 4812
3576 15059819 11361
3577 15071180 3409
3578 15074589 5008
3579 15079597 4586
3580 15084183 4192
3581 15088375 5530
3582 15093905 3433
3583 15097338 4263
3584 15101601 4044
3585 15105645 6573
3586 15112218 3809
3587 15116027 5535
3588 15121562 3428
3589 15124990 4508
3590 15129498 24360
3591 15153858 2038
3592 15155896 4973
3593 15160869 4955
3594 15165824 5058
3595 15170882 4195
3596 15175077 3992
3597 15179069 3350
3598 15182419 23988
3599 15206407 1980
3600 15208387 4697
3601 15213084 5319
3602 15218403 15739
3603 15234142 10319
3604 15244461 1881
3605 15246342 5112
3606 15251454 5655
3607 15257109 3244
3608 15260353 6426
3609 15266779 7349
3610 15274128 5296
3611 15279424 6569
3612 15285993 3912
3613 15289905 6292
3614 15296197 4982
3615 15301179 6871
3616 15308050 4197
3617 15312247 8184
3618 15320431 5009
3619 15325440 4513
3620 15329953 33872
3621 15363825 1962
3622 15365787 4422
3623 15370209 5780
3624 15375989 4168
3625 15380157 2252
3626 15382409 21313
3627 15403722 5184
3628 15408906 4757
3629 15413663 4384
3630 15418047 2209
3631 15420256 4537
3632 15424793 4279
3633 15429072 5613
3634 15434685 4339
3635 15439024 22399
3636 15461423 4692
3637 15466115 3926
3638 15470041 5094
3639 15475135 2131
3640 15477266 4565
3641 15481831 5388
3642 15487219 5517
3643 15492736 3123
3644 15495859 5145
3645 15501004 5606
3646 15506610 6216
3647 15512826 3478
3648 15516304 5200
3649 15521504 4750
3650 15526254 4829
3651 15531083 3753
3652 15534836 6853
3653 15541689 4837
3654 15546526 4475
3655 15551001 2299
3656 15553300 24892
3657 15578192 4782
3658 15582974 5054
3659 15588028 9455
3660 15597483 10306
3661 15607789 4168
3662 15611957 4336
3663 15616293 3931
3664 15620224 5929
3665 15626153 24239
3666 15650392 2320
3667 15652712 5157
3668 15657869 5170
3669 15663039 5444
3670 15668483 3962
3671 15672445 3296
3672 15675741 3837
3673 15679578 4604
3674 15684182 4897
3675 15689079 18957
3676 15708036 2340
3677 15710376 4721
3678 15715097 8007
3679 15723104 7916
3680 15731020 2844
3681 15733864 5072
3682 15738936 7532
3683 15746468 5103
3684 15751571 5855
3685 15757426 6200
3686 15763626 3856
3687 15767482 7649
3688 15775131 4698
3689 15779829 4466
3690 15784295 3594
3691 15787889 7391
3692 15795280 5044
3693 15800324 5052
3694 15805376 23731
3695 15829107 2305
3696 15831412 3815
3697 15835227 6736
3698 15841963 4730
3699 15846693 4941
3700 15851634 3471
3701 15855105 15529
3702 15870634 4779
3703 15875413 4033
3704 15879446 4083
3705 15883529 2146
3706 15885675 4608
3707 15890283 9041
3708 15899324 4127
3709 15903451 4523
3710 15907974 4566
3711 15912540 3024
3712 15915564 8974
3713 15924538 8216
3714 15932754 2374
3715 15935128 3745
3716 15938873 5195
3717 15944068 5174
3718 15949242 4888
3719 15954130 18934
3720 15973064 4776
3721 15977840 6381
3722 15984221 2728
3723 15986949 3432
3724 15990381 5209
3725 15995590 2808
3726 15998398 10971
3727 16009369 4478
3728 16013847 5717
3729 16019564 4322
3730 16023886 3301
3731 16027187 6036
3732 16033223 4818
3733 16038041 4289
3734 16042330 3944
3735 16046274 5469
3736 16051743 4747
3737 16056490 5736
3738 16062226 22327
3739 16084553 2529
3740 16087082 4498
3741 16091580 4366
3742 16095946 5242
3743 16101188 2587
3744 16103775 4358
3745 16108133 3705
3746 16111838 4333
3747 16116171 6219
3748 16122390 26846
3749 16149236 2522
3750 16151758 5324
3751 16157082 202
3752 16157284 185
3753 16157469 5147
3754 16162616 15985
3755 16178601 2164
3756 16180765 2527
3757 16183292 4091
3758 16187383 3172
3759 16190555 4172
3760 16194727 3596
3761 16198323 10992
3762 16209315 10439
3763 16219754 5481
3764 16225235 13105
3765 16238340 4772
3766 16243112 5707
3767 16248819 7571
3768 16256390 7816
3769 16264206 5360
3770 16269566 7453
3771 16277019 4468
3772 16281487 3517
3773 16285004 4445
3774 16289449 6672
3775 16296121 4936
3776 16301057 31978
3777 16333035 2259
3778 16335294 13169
3779 16348463 11045
3780 16359508 7185
3781 16366693 3639
3782 16370332 12557
3783 16382889 4442
3784 16387331 2957
3785 16390288 8457
3786 16398745 2703
3787 16401448 3285
3788 16404733 2274
3789 16407007 4420
3790 16411427 16410
3791 16427837 2330
3792 16430167 4297
3793 16434464 7292
3794 16441756 4374
3795 16446130 1987
3796 16448117 5630
3797 16453747 21780
3798 16475527 2323
3799 16477850 1948
3800 16479798 2453
3801 16482251 2816
3802 16485067 18591
3803 16503658 4312
3804 16507970 6581
3805 16514551 9896
3806 16524447 4696
3807 16529143 4493
3808 16533636 3842
3809 16537478 1946
3810 16539424 6774
3811 16546198 2740
3812 16548938 5068
3813 16554006 3327
3814 16557333 7204
3815 16564537 3616
3816 16568153 4909
3817 16573062 7057
3818 16580119 4641
3819 16584760 5714
3820 16590474 4401
3821 16594875 2224
3822 16597099 22528
3823 16619627 4676
3824 16624303 3830
3825 16628133 13558
3826 16641691 2082
3827 16643773 2085
3828 16645858 2193
3829 16648051 3002
3830 16651053 1744
3831 16652797 19551
3832 16672348 4527
3833 16676875 3838
3834 16680713 4760
3835 16685473 2722
3836 16688195 2508
3837 16690703 2276
3838 16692979 2996
3839 16695975 2424
3840 16698399 3019
3841 16701418 22864
3842 16724282 4550
3843 16728832 7337
3844 16736169 2294
3845 16738463 4115
3846 16742578 2025
3847 16744603 2051
3848 16746654 3824
3849 16750478 6177
3850 16756655 5859
3851 16762514 4415
3852 16766929 4747
3853 16771676 5349
3854 16777025 3872
3855 16780897 4835
3856 16785732 4575
3857 16790307 24632
3858 16814939 2278
3859 16817217 4165
3860 16821382 4165
3861 16825547 4679
3862 16830226 2681
3863 16832907 2291
3864 16835198 2481
3865 16837679 2481
3866 16840160 2886
3867 16843046 16760
3868 16859806 4506
3869 16864312 4529
3870 16868841 2129
3871 16870970 8375
3872 16879345 2438
3873 16881783 2935
3874 16884718 2849
3875 16887567 2909
3876 16890476 20578
3877 16911054 5453
3878 16916507 4198
3879 16920705 10152
3880 16930857 10924
3881 16941781 2334
3882 16944115 4588
3883 16948703 2920
3884 16951623 5247
3885 16956870 4066
3886 16960936 6626
3887 16967562 6834
3888 16974396 3495
3889 16977891 4246
3890 16982137 3202
3891 16985339 4805
3892 16990144 1983
3893 16992127 5151
3894 16997278 23885
3895 17021163 2233
3896 17023396 4038
3897 17027434 4306
3898 17031740 211
3899 17031951 2466
3900 17034417 15656
3901 17050073 2307
3902 17052380 3184
3903 17055564 4222
3904 17059786 2719
3905 17062505 2522
3906 17065027 21515
3907 17086542 4221
3908 17090763 16524
3909 17107287 4080
3910 17111367 2293
3911 17113660 4298
3912 17117958 17145
3913 17135103 4622
3914 17139725 2146
3915 17141871 13009
3916 17154880 9780
3917 17164660 5307
3918 17169967 5612
3919 17175579 3020
3920 17178599 4299
3921 17182898 9046
3922 17191944 5655
3923 17197599 5178
3924 17202777 7151
3925 17209928 6887
3926 17216815 6697
3927 17223512 5219
3928 17228731 29423
3929 17258154 3318
3930 17261472 3984
3931 17265456 5565
3932 17271021 2698
3933 17273719 7648
3934 17281367 1970
3935 17283337 2348
3936 17285685 3048
3937 17288733 4435
3938 17293168 3090
3939 17296258 2709
3940 17298967 3863
3941 17302830 2980
3942 17305810 21311
3943 17327121 5732
3944 17332853 7473
3945 17340326 4207
3946 17344533 4677
3947 17349210 1970
3948 17351180 6256
3949 17357436 2908
3950 17360344 2534
3951 17362878 2256
3952 17365134 3114
3953 17368248 13820
3954 17382068 4279
3955 17386347 4687
3956 17391034 1883
3957 17392917 4530
3958 17397447 5643
3959 17403090 2321
3960 17405411 2461
3961 17407872 4665
3962 17412537 3606
3963 17416143 9129
3964 17425272 7537
3965 17432809 4165
3966 17436974 5305
3967 17442279 3038
3968 17445317 16004
3969 17461321 5043
3970 17466364 6042
3971 17472406 4420
3972 17476826 2303
3973 17479129 2725
3974 17481854 2057
3975 17483911 2895
3976 17486806 2509
3977 17489315 12965
3978 17502280 4782
3979 17507062 4858
3980 17511920 7335
3981 17519255 2067
3982 17521322 6246
3983 17527568 12386
3984 17539954 5918
3985 17545872 5295
3986 17551167 2270
3987 17553437 7419
3988 17560856 2288
3989 17563144 3191
3990 17566335 2513
3991 17568848 2766
3992 17571614 17451
3993 17589065 4124
3994 17593189 5271
3995 17598460 2384
3996 17600844 2361
3997 17603205 6469
3998 17609674 7228
3999 17616902 4652
4000 17621554 3651
4001 17625205 1909
4002 17627114 4080
4003 17631194 4523
4004 17635717 2727
4005 17638444 4395
4006 17642839 5179
4007 17648018 2198
4008 17650216 22403
4009 17672619 22197
4010 17694816 4001
4011 17698817 3729
4012 17702546 4137
4013 17706683 2806
4014 17709489 2484
4015 17711973 16994
4016 17728967 5082
4017 17734049 3343
4018 17737392 2209
4019 17739601 1623
4020 17741224 2560
4021 17743784 3553
4022 17747337 14499
4023 17761836 3867
4024 17765703 12939
4025 17778642 4634
4026 17783276 3448
4027 17786724 2149
4028 17788873 5334
4029 17794207 1982
4030 17796189 2498
4031 17798687 3100
4032 17801787 14992
4033 17816779 3761
4034 17820540 4639
4035 17825179 3566
4036 17828745 2513
4037 17831258 2819
4038 17834077 4676
4039 17838753 8269
4040 17847022 6720
4041 17853742 9424
4042 17863166 3601
4043 17866767 3787
4044 17870554 3962
4045 17874516 2282
4046 17876798 7711
4047 17884509 21542
4048 17906051 9807
4049 17915858 7054
4050 17922912 5194
4051 17928106 5211
4052 17933317 6046
4053 17939363 5959
4054 17945322 6031
4055 17951353 3604
4056 17954957 4373
4057 17959330 4775
4058 17964105 4710
4059 17968815 5057
4060 17973872 4805
4061 17978677 2496
4062 17981173 2314
4063 17983487 4707
4064 17988194 21806
4065 18010000 1473
4066 18011473 1606
4067 18013079 218
4068 18013297 2812
4069 18016109 940
4070 18017049 1090
4071 18018139 15466
4072 18033605 6406
4073 18040011 13928
4074 18053939 736
4075 18054675 2769
4076 18057444 2051
4077 18059495 2599
4078 18062094 2778
4079 18064872 1771
4080 18066643 19950
4081 18086593 9037
4082 18095630 3571
4083 18099201 3553
4084 18102754 3394
4085 18106148 2098
4086 18108246 3340
4087 18111586 419
4088 18112005 2539
4089 18114544 2901
4090 18117445 13896
4091 18131341 1802
4092 18133143 4087
4093 18137230 2753
4094 18139983 2959
4095 18142942 921
4096 18143863 682
4097 18144545 20040
4098 18164585 3826
4099 18168411 227
4100 18168638 28527
4101 18197165 4186
4102 18201351 7370
4103 18208721 9287
4104 18218008 30154
4105 18248162 19597
4106 18267759 949
4107 18268708 611
4108 18269319 2323
4109 18271642 1613
4110 18273255 4964
4111 18278219 3314
4112 18281533 4047
4113 18285580 2499
4114 18288079 4590
4115 18292669 1143
4116 18293812 1998
4117 18295810 665
4118 18296475 410
4119 18296885 9876
4120 18306761 2294
4121 18309055 850
4122 18309905 30299
4123 18340204 3522
4124 18343726 903
4125 18344629 2575
4126 18347204 3105
4127 18350309 325
4128 18350634 7189
4129 18357823 18950
4130 18376773 5685
4131 18382458 1301
4132 18383759 2178
4133 18385937 2346
4134 18388283 2607
4135 18390890 2549
4136 18393439 1237
4137 18394676 8961
4138 18403637 3628
4139 18407265 2138
4140 18409403 2349
4141 18411752 21986
4142 18433738 844
4143 18434582 380
4144 18434962 1146
4145 18436108 3824
4146 18439932 1122
4147 18441054 3519
4148 18444573 3249
4149 18447822 1576
4150 18449398 1345
4151 18450743 2015
4152 18452758 2146
4153 18454904 1278
4154 18456182 1294
4155 18457476 3880
4156 18461356 527
4157 18461883 6446
4158 18468329 2562
4159 18470891 3652
4160 18474543 792
4161 18475335 1266
4162 18476601 2388
4163 18478989 663
4164 18479652 769
4165 18480421 4996
4166 18485417 2695
4167 18488112 734
4168 18488846 5935
4169 18494781 3318
4170 18498099 8927
4171 18507026 4004
4172 18511030 2034
4173 18513064 3409
4174 18516473 7562
4175 18524035 2628
4176 18526663 2721
4177 18529384 9626
4178 18539010 19234
4179 18558244 3104
4180 18561348 2745
4181 18564093 5352
4182 18569445 2250
4183 18571695 4254
4184 18575949 6574
4185 18582523 966
4186 18583489 4879
4187 18588368 8269
4188 18596637 5343
4189 18601980 6651
4190 18608631 927
4191 18609558 3782
4192 18613340 2947
4193 18616287 3583
4194 18619870 2545
4195 18622415 3704
4196 18626119 4682
4197 18630801 9598
4198 18640399 9602
4199 18650001 11511
4200 18661512 2158
4201 18663670 4791
4202 18668461 3009
4203 18671470 1651
4204 18673121 5779
4205 18678900 2034
4206 18680934 1928
4207 18682862 8366
4208 18691228 8775
4209 18700003 2760
4210 18702763 4486
4211 18707249 3147
4212 18710396 1949
4213 18712345 10617
4214 18722962 6281
4215 18729243 4893
4216 18734136 5299
4217 18739435 1326
4218 18740761 1863
4219 18742624 3608
4220 18746232 205
4221 18746437 3701
4222 18750138 2537
4223 18752675 7665
4224 18760340 6986
4225 18767326 6467
4226 18773793 8772
4227 18782565 3154
4228 18785719 2816
4229 18788535 1853
4230 18790388 7048
4231 18797436 3425
4232 18800861 2656
4233 18803517 1176
4234 18804693 11606
4235 18816299 10826
4236 18827125 9870
4237 18836995 6907
4238 18843902 8862
4239 18852764 2286
4240 18855050 517
4241 18855567 2776
4242 18858343 620
4243 18858963 6367
4244 18865330 4291
4245 18869621 2323
4246 18871944 9163
4247 18881107 6507
4248 18887614 1570
4249 18889184 7400
4250 18896584 2739
4251 18899323 7673
4252 18906996 4476
4253 18911472 2943
4254 18914415 6305
4255 18920720 9241
4256 18929961 2976
4257 18932937 4382
4258 18937319 3900
4259 18941219 1723
4260 18942942 6509
4261 18949451 5462
4262 18954913 5225
4263 18960138 8015
4264 18968153 1848
4265 18970001 2827
4266 18972828 6676
4267 18979504 8197
4268 18987701 3686
4269 18991387 4997
4270 18996384 3484
4271 18999868 1873
4272 19001741 987
4273 19002728 1402
4274 19004130 1169
4275 19005299 2095
4276 19007394 1295
4277 19008689 1735
4278 19010424 1800
4279 19012224 2155
4280 19014379 1799
4281 19016178 7645
4282 19023823 18264
4283 19042087 3869
4284 19045956 4404
4285 19050360 3342
4286 19053702 3549
4287 19057251 10445
4288 19067696 4060
4289 19071756 1218
4290 19072974 893
4291 19073867 1502
4292 19075369 967
4293 19076336 1966
4294 19078302 4457
4295 19082759 1632
4296 19084391 6163
4297 19090554 7662
4298 19098216 1967
4299 19100183 3989
4300 19104172 2665
4301 19106837 4760
4302 19111597 8811
4303 19120408 4957
4304 19125365 7965
4305 19133330 4782
4306 19138112 10014
4307 19148126 2169
4308 19150295 1609
4309 19151904 2088
4310 19153992 1860
4311 19155852 2423
4312 19158275 2849
4313 19161124 2574
4314 19163698 13243
4315 19176941 2483
4316 19179424 2233
4317 19181657 2473
4318 19184130 3076
4319 19187206 1564
4320 19188770 10138
4321 19198908 9619
4322 19208527 4704
4323 19213231 6986
4324 19220217 3654
4325 19223871 3417
4326 19227288 2843
4327 19230131 5862
4328 19235993 3079
4329 19239072 5813
4330 19244885 4768
4331 19249653 13671
4332 19263324 3828
4333 19267152 2957
4334 19270109 1586
4335 19271695 8091
4336 19279786 5683
4337 19285469 12479
4338 19297948 3805
4339 19301753 2176
4340 19303929 5461
4341 19309390 5813
4342 19315203 7894
4343 19323097 10126
4344 19333223 3595
4345 19336818 3375
4346 19340193 2159
4347 19342352 322
4348 19342674 3765
4349 19346439 2006
4350 19348445 1466
4351 19349911 7366
4352 19357277 1022
4353 19358299 944
4354 19359243 1647
4355 19360890 3251
4356 19364141 1827
4357 19365968 4036
4358 19370004 2149
4359 19372153 4004
4360 19376157 1393
4361 19377550 4905
4362 19382455 2600
4363 19385055 1750
4364 19386805 1976
4365 19388781 1486
